1.248313029662542 1.5707963267948966 -0.6248395613847527 0.009277405452308755 0.4205240047384754 0.039423012114933445 0.6283589758515649 0.18889082381881253 0.0 234.6176254664917
-1.5707963267948966 -0.27605805032090625 -0.8196693352630806 0.7170480846166595 0.07935344630384719 -0.2757224172526335 -0.03774089272333669 -0.04807154920923693 1.0 214.76939396819543
-0.2922753007485758 1.2532432431029856 -0.46237957444846445 -0.6602238235766532 -0.4874490971992191 -0.4534652855088251 -0.3650334185419837 -0.6782994545579567 0.0 255.58879277114096
-1.5707963267948966 -1.5707963267948966 1.5707963267948966 1.039436495581161 0.7144364955811611 0.25109555730190325 0.4584364917664638 0.25109555730190325 0.0 243.80955649312978
1.2699582407297532 1.5707963267948966 -0.5137473668319276 0.07224795091285671 0.47895595367255167 0.02617515415273573 0.6651809065461128 0.20183467960001963 0.0 232.40756510605505
1.5707963267948966 -1.5607287027549486 1.5707963267948966 0.04549379058703295 0.37376571312729084 -0.7296448980656004 0.6297527433484882 -0.7270676298108697 0.0 210.73386391816666
-1.2370694925510346 0.7210361445275506 1.3112894627414775 -0.156623369951829 -0.6240585274012017 -0.8968283271747185 -0.4412635333799119 -1.0760544193429116 0.0 200.4310368931056
-1.1181757222092876 0.49672401639189734 -1.5707963267948966 0.6703763474550377 0.1888822827780143 -0.15700316889430269 -0.01925445177493515 -0.007955855323208425 1.0 276.13631435182384
-0.9734201037409 1.0581661672532698 0.4114956424097609 -0.5200230355081658 -0.7612281580601706 -0.738214129196351 -0.6393404257764133 -0.9633349471405117 0.0 228.0423905380117
-0.14246175184106513 0.54393799073552 -0.9183317716473229 -0.07348975259659368 0.007369359551966283 0.28502444274175276 -0.11913274968955846 0.06246384804770003 1.0 341.7889692660824
1.5707963267948966 -1.5707963267948966 -0.5571856904742791 -0.15010612125635758 0.1748938787436424 0.5788174017696422 0.03952116393204335 0.3615382494386779 0.0 341.5817409399037
1.5707963267948966 1.5707963267948966 -1.2823232835533585 -0.5963206542925132 -0.2713206542925133 -0.2249180583939963 -0.025898725539323094 -0.1520889512994495 0.0 196.20819492353982
-0.9205964413776225 1.5707963267948966 -0.7941654711638133 0.3215670869482773 0.25961646590368903 0.40712059266547385 0.22288845420100073 0.15376894947069958 0.0 337.454580881125
1.5707963267948966 1.5707963267948966 -1.4259089062132428 -0.5897046272853572 -0.2647046272853572 -0.18197019850926238 -0.011386948892903774 -0.14500865407477506 0.0 200.50298091201321
-1.0627590702900274 1.0911197572330347 0.5269593534814565 -0.5278824655299723 -0.8026193004584303 -0.7457157024261221 -0.6676521878655035 -0.9632470345864647 0.0 224.92541941416147
-0.5536013462137146 1.0285494515510742 0.029543189408722803 -0.6257893095660586 -0.6480393853662969 -0.6274551297783765 -0.5242986675186194 -0.8515627751179912 0.0 245.0029626842646
1.5707963267948966 -1.5707963267948966 1.5707963267948966 0.07002511701389097 0.395025117013891 -0.5846128966718408 0.6510251208285882 -0.5846128966718408 0.0 225.23871109575538
-1.1873649703400755 0.6819195898158963 1.5707963267948966 -0.2016992440123886 -0.6604639103008781 -0.9477293039501871 -0.4364744262027318 -1.0716837833632815 0.0 197.02164283204183
1.5707963267948966 1.5707963267948966 0.20985500239213795 1.7 2.025 0.23142265402401563 1.9716705693142105 0.48180630719621176 0.0 241.84226616534102
1.5707963267948966 1.5707963267948966 -1.2741122875039022 -0.6000631275176994 -0.2750631275176994 -0.2382229400670363 -0.030247464738311577 -0.16338115220080426 0.0 194.87770675623582
-1.221124946617945 1.1062987990738602 0.6335258152678485 -0.46912580100645584 -0.8116950825017295 -0.7776724368686126 -0.6847827568232838 -0.999999366285661 0.0 216.8528809253421
-1.2799728252117264 1.1502739759148675 0.6543294292777098 -0.4716735970069044 -0.8250602656076859 -0.76578420311387 -0.696831578258612 -0.9873545208323281 0.0 216.16769972752587
1.5707963267948966 1.5707963267948966 -1.3123614675449229 -0.5757126110549149 -0.2507126110549149 -0.2380823818322608 -0.0032140700095473563 -0.1726570493261167 0.0 194.89176257971337
1.5707963267948966 1.5707963267948966 -1.300481074550424 -0.5776759057164463 -0.2526759057164463 -0.2495833983627321 -0.0059720912776481325 -0.18122237222596282 0.0 193.74166092666624
1.5707963267948966 1.5707963267948966 -1.341166683500015 -0.5851128958923164 -0.2601128958923164 -0.23437443032871186 -0.010832697302392945 -0.1761045020286582 0.0 195.26255773006827
-1.0596583443793808 1.1122062915743256 0.49759907970591544 -0.502923313854668 -0.7693143213121835 -0.759987549469568 -0.635474302084109 -0.9782141546444495 0.0 223.55441343085698
1.5707963267948966 1.5707963267948966 -1.3000057535653826 -0.5798135432454649 -0.25481354324546485 -0.25293049642214044 -0.008142250104625645 -0.18445221451209876 0.0 193.4069511207254
1.5707963267948966 -1.5707963267948966 1.5707963267948966 0.02305357475612425 0.34805357475612425 -0.6461187521022521 0.6040535785708215 -0.6461187521022521 0.0 219.08812555271425
1.5707963267948966 1.5707963267948966 -1.313275158466075 -0.586430573587216 -0.26143057358721594 -0.2522909215643088 -0.013872357327574036 -0.18709175350620086 0.0 193.47090860650857
1.5707963267948966 -1.5707963267948966 -0.5440718280759196 -0.15892462471135274 0.16607537528864724 0.533054950881857 0.03356358779950085 0.31401927312693884 0.0 337.00549585112515
1.5707963267948966 1.5707963267948966 -1.266559740822066 -0.6054442153342847 -0.28044421533428476 -0.2529215264491688 -0.036200775505020884 -0.17623290895286914 0.0 193.40784811802257
-1.5707963267948966 -0.10691921140068827 -0.03847614065121574 0.8265417386382916 0.1783976237680838 -0.41691806770180134 -0.07490124801630174 -0.3798278600199558 1.0 206.03993646952082
1.0552833172780998 -0.6016831214099678 -1.5707963267948966 -0.19430382198212015 0.2308756167565471 0.09549179718283313 0.0007635342003226242 -0.016688554995087656 1.0 305.98451873790515
1.5707963267948966 1.5707963267948966 -1.2583107613634805 -0.598266342618087 -0.2732663426180869 -0.2451246484790667 -0.029663808251137312 -0.16642390386299497 0.0 194.18753591503278
0.8692921950461034 -0.6941599823256368 -1.5707963267948966 -0.08742486003027153 0.2174611056479975 0.1286562451425607 -0.034622996921241336 0.08405123213968807 1.0 317.04292928232746
-0.9963766704580843 1.0438866781595815 0.4255552620032761 -0.5204313484669865 -0.7778364300730573 -0.7266209250838003 -0.6611984633475242 -0.9545059545860878 0.0 228.66003521376828
1.5707963267948966 1.5707963267948966 -1.4238641197469573 -0.5872608443459518 -0.2622608443459518 -0.17480036589401124 -0.009019273946298938 -0.13732091853092043 0.0 201.21996417353833
-0.9249285811597419 1.5707963267948966 -1.3612206178393702 0.5089824407359714 0.445059441525255 0.44906722158278567 0.2771531792370985 0.2558225863725278 0.0 341.6219786243234
-1.46205063077179 -1.5707963267948966 1.5707963267948966 1.0531939309822156 0.6948409674692562 0.28270819688045096 0.4403531527599344 0.2549241345856936 0.0 250.69007106159586
-1.5707963267948966 -0.8579595423627158 0.8319714228299002 0.7600007438659668 0.2224564461418447 0.4819686331488498 -0.033457113595285366 0.4886208429918548 1.0 274.81029833452476
1.0205673536946471 1.5707963267948966 -1.5707963267948966 1.7 2.1469683526122174 0.12372793914293169 2.3651839893734934 -0.010129962476642902 0.0 252.8633167426549
-1.5707963267948966 -0.22322567955062217 -0.30611415800601716 0.7987144098640693 0.15677816861497917 -0.45273627168815833 -0.06418583252835759 -0.3234655783665377 0.0 198.7316401154612
-0.8808343595757111 0.1041135235685966 -1.5707963267948966 0.6472996189249451 0.16882985316662286 -0.18890207582656898 -0.013753414894015634 -0.009460296473425842 1.0 276.17581438464777
1.5707963267948966 -1.5707963267948966 -0.5317591368839261 -0.17098872888530423 0.15401127111469579 0.4997935047889894 0.02420637856633249 0.279142894493815 0.0 333.6793512418384
-0.8269608584371937 1.0159440814133633 0.3597302305439741 -0.5508723386988015 -0.7289777353918941 -0.7179862711894159 -0.5954506974382787 -0.9364045215451469 0.0 233.3289835057963
1.1911472940726693 -1.5627303440731506 1.5707963267948966 -0.7257921078562436 -0.5419383532636527 -0.5471252842371211 -0.3034093967985956 -0.6400765557766539 0.0 238.81379007368628
-0.9676820688267944 0.9477230258805482 0.5222303576931895 -0.5181952694662448 -0.7923428090237808 -0.7496880563902104 -0.669099910174018 -0.9740698511870076 0.0 227.15904820556207
-0.39642290570715133 1.2351620772370684 -0.2685052482480459 -0.7298406090342519 -0.6135946622387541 -0.5115747294523567 -0.47539844278249516 -0.7270690608885281 0.0 251.74512833584333
1.5707963267948966 1.5707963267948966 -1.312541326219451 -0.6098422403121583 -0.2848422403121583 -0.23581145228839914 -0.0373319359564519 -0.1704306355997815 0.0 195.11885553409954
1.5707963267948966 1.5707963267948966 -1.3015773698545505 -0.6026071472721548 -0.27760714727215485 -0.22541149423103007 -0.03082853722855674 -0.1573209693536674 0.0 196.15885133983645
1.5707963267948966 -1.5707963267948966 -0.3561127251688996 -0.19411537549646937 0.13088462450353064 0.5773952691703818 0.04163444904691318 0.33745692681116624 0.0 341.43952767997763
-1.1381550431859235 -1.5707963267948966 1.5707963267948966 0.9801359252929687 0.5488181266459989 0.3114492859102651 0.3164055775713561 0.20411611775730448 0.0 266.4657113095118
1.5707963267948966 1.5707963267948966 -1.2279001654486077 -0.5919311092394582 -0.26693110923945823 -0.2512180896600964 -0.02583417619785365 -0.16514677718574688 0.0 193.57819179692981
-1.5707963267948966 -1.301344361798947 1.0423886955826147 0.7502960689504212 0.3387800235967603 -0.26721155404913444 0.09131559008453649 -0.20165733145745718 0.0 193.15154513978771
1.5707963267948966 -1.5707963267948966 1.5707963267948966 0.05771763707006812 0.3827176370700681 -0.5733811554795016 0.6387176408847653 -0.5733811554795016 0.0 226.3618852149893
1.5707963267948966 1.478588431702906 -1.5181011234843194 -0.6093179432223502 -0.2543928247872611 0.004315186898245997 0.0014073646633039516 -0.005797430477095702 1.0 219.26958389775655
-1.5707963267948966 -0.20056514569494288 -0.8087238557029028 0.7437615944316639 0.10027649756060499 -0.2768211641494105 -0.03603395135661089 -0.060129070456280825 1.0 217.04313101599243
1.5707963267948966 1.5707963267948966 -1.327550828110196 -0.6112168565085693 -0.2862168565085693 -0.2287146158761567 -0.0377531351816242 -0.16705603060621144 0.0 195.82853917532378
-1.1784315756656891 0.6565611793168338 1.26935536480105 -0.18767550970556982 -0.6499912133049651 -0.9004616083369993 -0.47596333600768503 -1.0882122404971275 0.0 201.75488188004644
-1.2425522517613157 0.7263547902719605 1.4008733455000932 -0.1862413807376214 -0.6543019989924466 -0.9084584806881543 -0.4562323161100795 -1.0706448015540144 0.0 199.09687155587386
1.5707963267948966 -1.5707963267948966 -0.5583593815396841 -0.1507246222714994 0.17427537772850057 0.5828370669630601 0.03864773761704157 0.3657169499979995 0.0 341.98370745924547
1.5707963267948966 -1.5707963267948966 1.5707963267948966 0.03105958519807956 0.35605958519807956 -0.5571013561931273 0.6120595890127768 -0.5571013561931273 0.0 227.98986514362673
-0.8468042969824012 1.0527160307841026 0.31369293098371154 -0.5440511400471337 -0.7210811569134887 -0.7157396095568359 -0.593967678016503 -0.9379515926626769 0.0 232.96684743686475
1.5707963267948966 -1.5707963267948966 1.5707963267948966 0.06948677792322741 0.3944867779232274 -0.6110405097674021 0.6504867817379246 -0.6110405097674021 0.0 222.59594978619924
1.5707963267948966 -1.5707963267948966 1.5707963267948966 -0.041377517496472366 0.2836224825035276 -0.5096156596537804 0.5396224863182248 -0.5096156596537804 0.0 232.7384347975614
1.5707963267948966 -1.5707963267948966 -0.37113638744467536 -0.19047948828532527 0.13452051171467475 0.557397841380415 0.04167579139716281 0.31882739085837725 0.0 339.43978490098095
-1.176510605777569 1.0958512931520032 0.5882874312461772 -0.4851226739061451 -0.8113716715879076 -0.7678448656879371 -0.6869285774637671 -0.9915632562550414 0.0 219.29468666676442
-0.37749230158230895 1.1670607292613766 -0.34826000021118275 -0.730302806898614 -0.6193286477013202 -0.49054908522034935 -0.5099851831457408 -0.7220226446436832 0.0 255.2417621725899
1.5707963267948966 -1.5707963267948966 -0.3526915960350434 -0.22213147105260758 0.1028685289473924 0.582061121400842 0.014439734239984148 0.3418188473945378 0.0 341.90611290302365
-0.9859899053915906 1.0784898502013842 0.445842069662024 -0.5321779509339081 -0.7731494842152364 -0.7413727776705159 -0.6418948986906554 -0.9611641235690647 0.0 227.3650176615503
0.40846604443624634 0.06885182024223502 -1.0835595967820812 -0.12605673621080116 0.152338430831756 0.2633216094238594 0.006473989677170664 0.05294203161321377 1.0 336.2259097289921
1.5707963267948966 1.4506289771208518 -1.1365637154642005 -0.591064801183785 -0.22710433684442421 -0.10037169508316708 0.01637357035732805 -0.021286230819625586 1.0 208.89720213965563
1.5707963267948966 -1.5707963267948966 1.5707963267948966 0.055094908982783866 0.38009490898278386 -0.6093564140298219 0.6360949127974811 -0.6093564140298219 0.0 222.76435935995727
-0.39987495917149074 0.4498335093404795 1.5707963267948966 -0.2895382943368372 -0.39983204863373034 0.252813562460791 -0.14415144804552313 0.2655976320780377 0.0 338.87687237170366
-0.835632220303492 -0.9592411704374739 -1.5707963267948966 0.5023609013057083 -0.05557319635142591 -0.2647059217020268 0.0013116927165594916 -0.015106019160282926 1.0 239.3057330580063
-1.1265051508624293 1.0929842692345622 0.5362043185774293 -0.5016208391409828 -0.8059606417540545 -0.7606347671202701 -0.682625280653487 -0.9849657517285442 0.0 221.58735080788182
1.5707963267948966 1.5707963267948966 -1.3190282140302028 -0.6095454365919448 -0.28454543659194487 -0.2312723192608405 -0.036616224750941624 -0.16749843848646775 0.0 195.5727688368554
-0.49821003747246895 0.9633385785426436 -0.01091318153953974 -0.6369537148174191 -0.6464814931391032 -0.5804954227675728 -0.5341596056046183 -0.810538452511609 0.0 250.74706335669248
1.5707963267948966 -1.5707963267948966 1.5707963267948966 0.042516349827371014 0.367516349827371 -0.5618781955977823 0.6235163536420683 -0.5618781955977823 0.0 227.51218120316122
-1.3342705819456668 -0.5989393561440965 -1.4886591649290661 0.5421317705485273 -0.07770881312611237 -0.23407550330235466 -0.0068937538365736375 0.011935125189473296 1.0 223.88576929492712
1.5707963267948966 -1.5707963267948966 1.5707963267948966 0.04715566214013478 0.3721556621401348 -0.5630665811223878 0.6281556659548321 -0.5630665811223878 0.0 227.39334265070067
1.5707963267948966 -1.5707963267948966 -0.6627765723061135 -0.1672454077072453 0.15775459229275468 0.4345157742204191 0.0002357531221829845 0.23271434394927212 0.0 327.15157818498136
0.025789469751692162 -0.10354033632513515 -1.5707963267948966 -0.12226311396472767 -0.1391260453083808 -0.6109590790052857 -0.3943526535916777 -0.5910749049633602 0.0 254.99510066112026
1.5707963267948966 -1.5707963267948966 -0.5680747235038734 -0.15798750908014852 0.1670124909198515 0.5188573538532364 0.029281888559834216 0.303065131735126 0.0 335.5857361482631
-1.559780349084411 -1.5332408538695912 1.5707963267948966 0.8370303373336793 0.4962705415156694 0.01887334481522686 0.24057245412661588 0.006443941824536523 0.0 220.98367651220485
1.5707963267948966 1.5707963267948966 -1.2858105053335915 -0.6018697518342612 -0.27686975183426116 -0.23418347515030036 -0.031195344598964992 -0.16221064984302927 0.0 195.28165324790942
1.5707963267948966 1.5707963267948966 -1.346280728294749 -0.5908594807390756 -0.2658594807390756 -0.23458254206623194 -0.016284548186590656 -0.17758820028963498 0.0 195.24174655631626
-0.15738569712665285 0.9056644906821762 -1.025215060374 -0.10273963258351103 0.06744389045833969 0.3177797848707485 -0.0025490549007980688 0.0715339939360041 1.0 338.8942760758543
0.662832566589352 1.5707963267948966 -1.5707963267948966 -1.5803844184875486 -1.124212967291403 -0.6034171911925182 -0.9666828286413317 -0.8052098009928136 0.0 196.47754059269744
1.5707963267948966 -1.5707963267948966 -0.6070553266125709 -0.18621369891898326 0.13878630108101675 0.4989523036583819 -0.007249255447530345 0.2886914699719284 0.0 333.59523112877764
-0.9400319931343879 1.5605011080068092 -0.8102643583577613 0.28888933555607993 0.2153873127795785 0.4112208167966094 0.16709091033078863 0.1598178345875084 0.0 337.93154189975746
-0.1987424693779959 1.035160401610789 -0.6085106189597717 -0.6261298223536249 -0.4490663317306797 -0.38526449881172026 -0.39122583241478365 -0.6346446876640283 0.0 266.31290079183134
1.5707963267948966 -1.5707963267948966 1.5707963267948966 -0.03588052456974651 0.2891194754302535 -0.5139707460942308 0.5451194792449507 -0.5139707460942308 0.0 232.30292615351638
1.5707963267948966 1.5707963267948966 -1.3717205804449062 -0.586523559155554 -0.26152355915555403 -0.21649716101294927 -0.010579611720615958 -0.16586972577378276 0.0 197.05028466164453
-0.9536865875951648 1.5530370576914887 -0.5554956030271736 0.25611369997625305 0.17439305970801627 0.4052359287852443 0.18561630752026786 0.14948206144074105 0.0 337.36602843071216
1.5707963267948966 1.5707963267948966 -1.4226145297896604 -0.5974622495619968 -0.2724622495619968 -0.17737470463958174 -0.01926771080635831 -0.1395788384973113 0.0 200.96253029898128
0.7022480472589655 -0.452035633671223 -1.1799215608223033 -0.1323819211825949 0.15802027634484317 0.2194892289921063 -0.047149909192444855 0.0663840464550026 1.0 329.44710950024455
1.5707963267948966 1.5707963267948966 -1.3432405091032873 -0.5894023886844201 -0.26440238868442006 -0.23633339448104634 -0.0150018845579487 -0.17858055477089066 0.0 195.06666131483482
1.5707963267948966 -1.5707963267948966 -0.5858930938413507 -0.14470856310301827 0.18029143689698174 0.5511243484438796 0.0387378360321037 0.3378203868414005 0.0 338.8124356073274
-0.8142291270122448 1.0172817067422675 0.32439930724555444 -0.5793993069871352 -0.7501986802498368 -0.6889168110351597 -0.6213453861781528 -0.9101244749168643 0.0 236.44957345546402
1.5707963267948966 -1.5707963267948966 -0.5180417309191565 -0.16073200157531972 0.1642679984246803 0.5782244004299537 0.037501977274156106 0.3558140188494394 0.0 341.5224408059348
-0.9935439236064809 1.0555863999260984 0.44398311970006543 -0.49588215762398474 -0.7480699891509204 -0.7579708896017371 -0.6239855684402533 -0.9818884156911952 0.0 225.57639853743922
-0.9658572005525805 1.0700622992443465 0.40677965204599653 -0.5226590876948797 -0.7561781222854114 -0.7402638394530118 -0.6309847902846496 -0.9635632608039686 0.0 227.98046272281192
1.5707963267948966 1.5707963267948966 -1.2615920147465505 -0.601531726268471 -0.27653172626847095 -0.24900118933802787 -0.032672266667630935 -0.17110018859791382 0.0 193.79988182913667
-0.8414675693810008 0.4787710002787757 1.5707963267948966 -0.1426923400256277 -0.500328360855658 -1.0932483769586328 -0.26098282376248816 -1.1840763232455935 0.0 193.91782849352245
1.5707963267948966 1.5707963267948966 -1.3372513419624905 -0.5778930694365971 -0.2528930694365971 -0.22596550534545656 -0.0038429276521620183 -0.16672000905858425 0.0 196.1034502283938
1.5707963267948966 -1.5707963267948966 1.5707963267948966 0.04036947661041324 0.36536947661041325 -0.5785739024554991 0.6213694804251105 -0.5785739024554991 0.0 225.84261051738955
-1.5707963267948966 -0.48586865434581816 -0.6876827573261668 0.6315939234086687 0.01920628993038008 -0.29788924241858866 -0.07983480373510901 -0.0618238622404084 1.0 206.2343350645792
-0.44660321103912004 1.0064045886281126 -0.11560183345402475 -0.6288578857757682 -0.5966459977144416 -0.5761107544338256 -0.4866337740018997 -0.8072672221931049 0.0 250.44052501621485
-1.172942665283782 1.1211895449400733 0.5745988171554274 -0.4623396131075947 -0.7787676459215345 -0.7835737325819665 -0.6509346397492806 -1.0053725704646062 0.0 217.89093094551706
-1.0059173459754007 1.071584055190959 0.42773587378567735 -0.5281049550092137 -0.7812909608690711 -0.7312626579022969 -0.6600428646458113 -0.9567286223301017 0.0 227.90138027436603
1.5707963267948966 1.4928144244997632 -0.35039991503907153 -0.4671664085388176 -0.1168479694955218 -0.2310457715643449 -0.01050572543792157 0.0018218498043606245 1.0 195.69419266624425
1.5707963267948966 -1.5707963267948966 1.5707963267948966 0.05544180128997624 0.38044180128997623 -0.6145915394348606 0.6364418051046735 -0.6145915394348606 0.0 222.2408468194534
1.5707963267948966 1.5707963267948966 -1.4027242900945733 -0.5968703188461905 -0.27187031884619045 -0.2041122064637659 -0.01947758232677188 -0.16128804849931272 0.0 198.28878011656286
-1.3954885197479765 -1.5707963267948966 1.5707963267948966 0.8285320405683249 0.45182969648081467 -0.0009977135122363734 0.199753430185051 -0.04564699036542038 0.0 224.7667252850381
-0.050325845830790694 -1.5707963267948966 1.4660765687611441 0.2124664089695392 -0.12847111233467956 0.4909160640980059 -0.16800395293006518 0.2379869110381327 0.0 331.11555996386267
1.5707963267948966 -1.5707963267948966 1.563812756971691 -0.060545494737005184 0.2644545052629948 -0.4925053240786266 0.5204482665112932 -0.49429310344818445 0.0 234.4494683550768
-1.5707963267948966 -0.236028437754219 -0.19825353164444337 0.8460408470204771 0.2050516791913171 -0.44914984780888945 -0.027184457148806872 -0.34143550832274516 1.0 198.68511742046766
-1.5707963267948966 -1.5707963267948966 1.5707963267948966 0.7170740342329651 0.3920740342329651 -0.16196701700632274 0.13607403041826785 -0.16196701700632274 0.0 202.50329906230718
-0.9724811227774348 1.0468004093119823 0.42522009140488437 -0.5269196178067972 -0.771330947420106 -0.7340951789040235 -0.6487015046020599 -0.9588128277597832 0.0 228.50643202914625
1.5707963267948966 1.5707963267948966 -1.3120867144924144 -0.5819438428954998 -0.2569438428954999 -0.2484343399532284 -0.009463287001461823 -0.1829410089377504 0.0 193.8565667676166
1.5707963267948966 1.5707963267948966 0.10505210296272355 0.7422574321733845 1.0672574321733845 -0.038430734755001195 1.0404135316913252 0.2161579668011251 0.0 214.85692728743933
-0.9990638079756702 1.0843737594799219 0.4525031304703755 -0.5113716530425045 -0.7569930934635323 -0.7451885647591948 -0.6258547810794977 -0.9650493047247292 0.0 226.64837198308655
1.5707963267948966 -1.1433903013755806 1.5707963267948966 -0.24553291228626364 0.2141833474842565 -0.5699848663578692 0.4471546258737007 -0.4638699032343155 0.0 223.77794551321423
1.5707963267948966 -1.5707963267948966 1.5707963267948966 0.010032697755423783 0.33503269775542377 -0.5385096317799966 0.591032701570121 -0.5385096317799966 0.0 229.8490375849398
1.5707963267948966 1.5707963267948966 -1.3700476065885763 -0.5844588845913973 -0.2594588845913972 -0.2151263152827238 -0.008599986668605765 -0.16407912842499797 0.0 197.18736923466707
1.5707963267948966 1.5707963267948966 -1.293246118412588 -0.6078795111067882 -0.28287951110678816 -0.24239637769714392 -0.036676738155678096 -0.17225226501254837 0.0 194.46036299322506
1.5707963267948966 1.5707963267948966 -1.289035894968782 -0.6006356321469309 -0.2756356321469309 -0.22956074701453302 -0.029730362800681007 -0.15838069039139385 0.0 195.74392606148615
-0.9436590888507477 -1.5707963267948966 1.5707963267948966 0.9369706821023058 0.4830952039798822 0.2850994626110165 0.27580924218076547 0.13487119631555458 0.0 272.46629438249244
1.4985418588150257 1.3696833648700328 -1.5707963267948966 -0.6435152072765209 -0.23162121484078513 0.06679425878783406 0.01487280080577932 -0.0023194316327786167 1.0 228.93246899830933
1.5707963267948966 1.5707963267948966 -1.37925529033493 -0.5862310185158992 -0.26123101851589925 -0.21146275882765964 -0.009912734896105065 -0.16272753264037618 0.0 197.5537248801735
1.5707963267948966 1.5707963267948966 -1.3140550312262516 -0.5739138508331252 -0.24891385083312514 -0.23334442857649207 -0.0013048628061210366 -0.16833834423534824 0.0 195.36555790529025
-0.911169105367863 -1.181496607888621 -1.0683307758856078 0.6277756080627447 0.0892150087650964 -0.4117919762331692 0.09418207903584004 -0.15584016403788412 1.0 213.73622780967
1.4148897083330834 1.5707963267948966 0.0796351469885549 0.29998293630795303 0.67150569379357 0.0003610257074620904 0.6910122652201482 0.2556167712339925 0.0 224.17675362415204
-1.0401063270499602 0.7096770962242029 1.5707963267948966 -0.18953788201084734 -0.5752826948222912 -1.0432423143823097 -0.3331314804294439 -1.126301277301397 0.0 194.06680037424348
1.5707963267948966 -1.5707963267948966 1.5707963267948966 0.0553635910334711 0.3803635910334711 -0.6181969352358868 0.6363635948481684 -0.6181969352358868 0.0 221.88030723935077
1.5707963267948966 1.5707963267948966 -1.2534408951785903 -0.5988356943726688 -0.27383569437266886 -0.24938397087131137 -0.030619309169787244 -0.16949785241529555 0.0 193.76160367580832
1.5707963267948966 1.4254186785245277 -0.6039119831428419 -0.5494472355842572 -0.17736575159189272 -0.16921064457468218 -0.002999331254411004 0.018225620357741265 1.0 202.12177009557695
-1.5707963267948966 -0.2667461481342669 -0.8062930893185527 0.7255689598506803 0.08706300818443793 -0.2773232368370168 -0.03516572837308047 -0.05238738395296053 1.0 214.90087004870196
1.5707963267948966 -1.5707963267948966 1.5344724002669121 -0.054968855652926155 0.27003114434707387 -0.48137604190103644 0.5258622799902074 -0.4906729224891498 0.0 235.5623965728358
1.5707963267948966 -1.5707963267948966 -0.5656756637439411 -0.1825550808155785 0.1424449191844215 0.5703715529719057 0.005232411117599156 0.35424952821936645 0.0 340.73715606013
1.5707963267948966 1.5707963267948966 -1.408637494375233 -0.6206339024334676 -0.2956339024334676 -0.18032542179870348 -0.04299235196302817 -0.1389944536390115 0.0 200.6674585830691
-1.5707963267948966 -0.2740070427244756 -0.8507694231786278 0.708906628760673 0.07103096253017725 -0.28477143385210923 -0.03940185667607523 -0.05381560605102493 1.0 213.92864480307267
1.5707963267948966 1.5707963267948966 -1.3474611123700182 -0.5869853953768199 -0.26198539537682 -0.23206045415100107 -0.01234336149371984 -0.175360746287256 0.0 195.49395534783935
1.5707963267948966 1.4492773169247979 -0.944336629411902 -0.5622819728851317 -0.1978854226029074 -0.1340419800712317 0.026166591925316424 -0.0102005623670982 1.0 205.5354692445427
1.5707963267948966 -1.5707963267948966 1.5707963267948966 0.047929304344862374 0.3729293043448624 -0.6348020084806489 0.6289293081595596 -0.6348020084806489 0.0 220.21979991487456
1.0729775987682424 1.5707963267948966 -1.5707963267948966 1.7 2.1407443248461755 0.1119110684821581 2.365672643284395 -0.010331532593244219 0.0 249.35483509333443
0.6616709809465399 1.5707963267948966 -1.5707963267948966 -1.5285532188415512 -1.0724473478876597 -0.559979360793834 -0.9151517148594621 -0.7619548191628734 0.0 200.87430805050707
-1.3127151075755576 -0.6894346375869707 -1.4853175031628947 0.5165064039349153 -0.09296031003067469 -0.23173004968223268 -0.006171289234432606 0.009109456674914895 1.0 222.73356343196096
0.5069190843046103 1.5707963267948966 -1.5707963267948966 -1.4115491790771448 -0.9696367736830621 -0.5250521481535819 -0.8453523348422795 -0.7488587169024831 0.0 211.32943115780202
1.5707963267948966 1.5707963267948966 -1.3437158680197339 -0.581586272627851 -0.25658627262785105 -0.2277760672059904 -0.00715834335313616 -0.1701417887698645 0.0 195.92239404234041
-0.9424777785923819 1.5707963267948966 -1.5707963267948966 0.540239962323742 0.4683396540842398 0.40369309735338677 0.2612313030690524 0.25322006690309307 0.0 336.9653836406838
1.5707963267948966 1.4434153767527833 -1.1123284752804299 -0.612392369929662 -0.24610542590496778 -0.08942085096340634 -0.004008889318943716 -0.006202650272830112 1.0 210.02123031386725
1.5707963267948966 0.13265466142476112 -0.6006686151667363 -0.36643497784134155 0.28070965844039963 0.5560353590640784 0.5091809533329004 0.44054999478241313 0.0 302.50489349399
1.5707963267948966 -1.5707963267948966 -0.6057309788837468 -0.1732589684030975 0.15174103159690247 0.5455353056897139 0.005984061510147569 0.33508125459006466 0.0 338.25353133191084
1.5707963267948966 1.5707963267948966 -1.3492287351426224 -0.5805322702796047 -0.25553227027960473 -0.22255556865293954 -0.0057904027558268465 -0.166297222082313 0.0 196.4444438976455
1.5707963267948966 1.5707963267948966 -0.002405680491085249 1.7 2.025 0.17249467658293866 2.025615853620873 0.42849393962375815 0.0 235.94946842123332
-0.9787293543611846 1.0624179133327 0.4538711558803652 -0.5459373930202622 -0.7884517489048147 -0.7328425973650639 -0.6573691462124793 -0.9527365564101643 0.0 228.43951044649583
-0.8066846431110384 -0.27511187229430867 -1.5707963267948966 -0.6082472825028197 -1.1298074113651535 -0.042580171270100206 -1.250061660489124 0.18341743385162487 0.0 284.69525319407944
0.7208205007287144 1.5707963267948966 -1.5707963267948966 -1.7 -1.241338628771283 -0.6038683626550093 -1.072378291637275 -0.7961920648570193 0.0 193.77921665913962
0.5684708799984461 1.5707963267948966 -1.5707963267948966 -1.5265481536388426 -1.077700662514455 -0.6006546841662768 -0.9398845834741212 -0.8163923264799761 0.0 201.02691816134276
-0.08745315591816805 0.8652506018613906 -0.9912436988025013 -0.11955657968770624 0.08011372392367462 0.3253362895019308 0.02588544865588176 0.07514576986818156 1.0 339.2644047735041
1.00243198732145 1.5707963267948966 -1.5707963267948966 1.7 2.148836949177218 0.1277300823067253 2.364589273263897 -0.010063011149810279 0.0 254.07584118999884
-0.7227754003944752 1.0898497366750401 0.17603481033515767 -0.6118679463641848 -0.7102072522664662 -0.658229911210883 -0.577906387733862 -0.8773930540909088 0.0 240.0860178466313
-0.44806747540427405 0.5729281109336721 1.5707963267948966 -0.23758242350203318 -0.33790606631349135 0.24653640337347896 -0.08389901412605155 0.2784177363470576 0.0 337.39242473184004
-1.5707963267948966 -1.5707963267948966 1.5707963267948966 0.7849802790054372 0.4599802790054372 -0.07853642244275903 0.2039802751907399 -0.07853642244275903 0.0 210.84635851866355
1.5707963267948966 1.5707963267948966 -1.2645531072846454 -0.5973295933610087 -0.2723295933610086 -0.23925943651464138 -0.028240531112763277 -0.1620808666658985 0.0 194.77405711147532
-1.5201900406416993 -1.5707963267948966 1.5707963267948966 0.8219203758893889 0.4808964252005356 0.011635630215520222 0.22522415895058315 -0.0013140502337566319 0.0 221.54917346818527
1.5707963267948966 -1.5707963267948966 1.5707963267948966 0.02359070253372323 0.3485907025337232 -0.6437387482513912 0.6045907063484205 -0.6437387482513912 0.0 219.32612593780033
-0.3430753243779594 -0.18254870490356911 -1.5707963267948966 0.077028676870286 -0.1953660696195766 -0.7127093227121801 -0.4168088893207522 -0.5842605797992277 0.0 238.64797645452094
1.5707963267948966 1.5707963267948966 -1.3473934296660612 -0.6100256931345381 -0.2850256931345382 -0.21413888137644363 -0.035387497412775415 -0.15742227719470606 0.0 197.2861126252951
-0.7160367216978467 1.046079378566312 0.22069325132028805 -0.6118009887217625 -0.7198038520258178 -0.6529906814189215 -0.5858353464474613 -0.8711384328770256 0.0 241.16528666057715
-0.1560623658234115 0.5959945621365477 -0.6150278816804975 -0.05145825557442663 0.036437499427715354 0.28829002466183906 -0.008158305580375612 0.03620429295771146 1.0 341.53939719117994
-1.5707963267948966 -0.13526963722974905 -0.14581273411612372 0.8419267381563935 0.19489561165326363 -0.43928834186316607 -0.05105786554322464 -0.36827504023536195 1.0 202.88829815157837
-1.0763013671493205 1.132694418354988 0.48488140661426216 -0.49936593281323893 -0.767115668888473 -0.7603712927350312 -0.6352171229607615 -0.9797767975321545 0.0 223.03529037718704
-1.2263286884215798 0.7229198798039018 1.4639473795894613 -0.22135724221496758 -0.6840498688882087 -0.936476637035291 -0.47425778110401834 -1.0831847890115036 0.0 196.99559914157166
1.5707963267948966 -1.5707963267948966 -0.3692078662381464 -0.2126801565287758 0.1123198434712242 0.5794857455776281 0.019935383695314213 0.3407366857992946 0.0 341.64857532070226
0.7648092329255021 1.5707963267948966 -1.5707963267948966 1.7 2.1595219939464654 0.16612992454139913 2.3367762352977453 -0.018577779348035506 0.0 268.7592335642684
1.5707963267948966 1.5707963267948966 -1.4230828123207342 -0.6219985219893533 -0.29699852198935334 -0.17573288808535864 -0.043786311851828824 -0.13805559266231712 0.0 201.1267119544036
-0.7491623053739098 1.0917096179342258 0.16576575981212494 -0.5853471623484126 -0.6975170418318651 -0.6695239830217281 -0.5729207401606965 -0.8931570833512461 0.0 238.65785865732124
1.5707963267948966 1.5707963267948966 -1.3326091895021985 -0.5758875017921445 -0.2508875017921446 -0.22455599719678246 -0.0021150691043666826 -0.16415501469045182 0.0 196.2444010432612
1.5707963267948966 -1.5707963267948966 -0.4697431335833411 -0.1756451895299469 0.1493548104700531 0.5736960034260801 0.033474551082018425 0.3454247449696402 0.0 341.06960110554746
-0.90259613783023 0.9991552146360438 0.40707773325522645 -0.5465764618286625 -0.7703483717824804 -0.7143965259369324 -0.6467991956365166 -0.938609823996567 0.0 232.24511961394458
-1.4815203692910806 0.34178960792896507 -1.5707963267948966 -0.22157604220488708 -0.8405510801998923 -0.0393915884426525 -0.9475178985783691 0.1931897988588918 0.0 263.7382295227512
-0.7191608948726618 1.0893197540805826 0.16477983503342508 -0.615025637995235 -0.7115474073921558 -0.6530606800806055 -0.5810416008907515 -0.8732974536279471 0.0 240.64436372920392
-0.3645804036956739 1.2883696185787956 -0.4484492386604605 -0.7062508537544204 -0.5628172460888959 -0.46592908989816206 -0.4456612100076461 -0.6935482129147792 0.0 254.56201505985743
0.14038251614026498 -0.6281222381974825 -1.5707963267948966 0.3171041760592561 0.21027391610588608 -0.13724047356079383 -0.015875040649912648 -0.01727109700415383 1.0 298.36655250867807
1.5707963267948966 1.4917189322219893 -1.4102367131537736 -0.6201832658378033 -0.26950988907501966 -0.03275049599080404 -0.014359252238851355 -0.01191412214066304 1.0 215.5265132808999
1.5707963267948966 1.5707963267948966 -1.3417403021038066 -0.6135680501469278 -0.2885680501469278 -0.21988375707280114 -0.039254467855288626 -0.16175683011089262 0.0 196.71162505565934
-1.5707963267948966 -1.5707963267948966 1.5707963267948966 0.7701461710705684 0.44514617107056836 -0.11430831156085076 0.18914616725587108 -0.11430831156085076 0.0 207.26916960685438
-1.5707963267948966 -0.10948297907446314 -0.20492256473260717 0.794893204753028 0.14683906984778786 -0.4046395027009737 -0.0966119118862477 -0.3254711918319185 1.0 207.18495781505007
1.5707963267948966 1.5707963267948966 -1.3791693496194224 -0.6189120125637316 -0.2939120125637317 -0.19749457131658232 -0.0425979182122353 -0.14873774683618562 0.0 198.95054363128122
-1.5707963267948966 1.5707963267948966 1.2042781683292727 0.053212494131179254 -0.2717875058688207 0.5781567444053235 -0.03279082280842857 0.48641478323566273 0.0 341.5156752034718
-1.1829192438851428 -1.5707963267948966 1.5707963267948966 1.559023351430893 1.135243456518349 -0.07200795234972049 0.8982606475965902 -0.16883331177935645 0.0 226.20577958805544
-1.304704833284889 1.2184335531372366 0.6447366920362643 -0.44764679482441805 -0.7892121611927149 -0.7791199170843168 -0.6535615005219302 -0.9962256521829198 0.0 214.2134210092513
0.4915555136281565 1.5707963267948966 -1.5707963267948966 -1.3136283093268584 -0.8737091135387532 -0.4642532445298144 -0.752877675185162 -0.6899427778682644 0.0 218.0867389514674
1.5707963267948966 1.456819587946232 -1.0843204999666174 -0.5870515869418443 -0.2250892959246329 -0.11921037123626689 0.013354413579526181 -0.026040637142939714 1.0 206.98983403773337
