0,False,61.50384990876982,49
1,False,-97.7555647833299,49
2,False,-150.1990892991986,49
3,False,-94.94844580670028,49
4,False,-26.350655456504146,49
5,False,-147.47190598431382,49
6,False,-236.37282869359703,49
7,False,-469.9252380100369,49
8,False,34.61944359752453,49
9,False,-168.15192285583518,49
10,False,-323.9669120197712,49
11,False,-20.759844884622844,49
12,False,-173.03042975211343,49
13,False,-38.32270674760284,49
14,False,-150.94177140160025,49
15,False,-106.34291016432674,49
16,False,-223.1551100198755,49
17,False,-52.67143664258087,49
18,False,-476.26524035501205,49
19,False,25.75195532922976,49
20,False,-210.8075889388639,49
21,False,-1213.7546902522608,49
22,False,-82.88743468685422,49
23,False,-12.632637023918853,49
24,False,-37.361278960594156,49
25,False,-97.5035596651924,49
26,False,-371.6500210956384,49
27,False,-1.7683687709581921,49
28,False,-92.77362125486835,49
29,False,-64.03308770206846,49
30,False,-13.930915853179425,49
31,False,-62.433331120473156,49
32,False,-39.59048838678829,49
33,False,-198.56060416550432,49
34,False,-27.57085058523182,49
35,False,-62.82299997647887,49
36,False,-261.9372565945907,49
37,False,-212.66718968408162,49
38,False,-647.6305158955935,49
39,False,21.014096804663836,49
40,False,-37.91148773757094,49
41,False,-129.12964747073477,49
42,False,-58.79854101605244,49
43,False,-31.61031519284486,49
44,False,-9.37221873604219,49
45,False,40.35281346273861,49
46,False,-169.91141818521402,49
47,False,-60.878698267782276,49
48,False,-38.693557754849785,49
49,False,-104.81010058918525,49
50,False,-93.79495126331237,49
51,False,-238.0655741823668,49
52,False,-55.49075650043316,49
53,False,-114.70466464532866,49
54,False,-236.16949991027815,49
55,False,-54.66848236065721,49
56,False,-9.490247841684216,49
57,False,-273.5418685408733,49
58,False,-85.54124320997249,49
59,False,-170.53103130227302,49
60,False,20.044848823562717,49
61,False,-162.60170277073368,49
62,False,-164.73107229290198,49
63,False,-242.5278041445943,49
64,False,-84.00227899238033,49
65,False,-20.051792242906966,49
66,False,-250.00035558436116,49
67,False,-77.28160310768948,49
68,False,11.961816381307708,49
69,False,-125.1177281015031,49
70,False,-63.2668622032772,49
71,False,47.39255383702114,49
72,False,-140.48536978107208,49
73,False,-22.876747468286645,49
74,False,-301.9099979985842,49
75,False,-66.2090908800827,49
76,False,-834.393814204449,49
77,False,-61.49411385170306,49
78,False,-166.56237410271703,49
79,False,-98.14668566961507,49
80,False,-395.6789316008804,49
81,False,-2080.2896246505697,49
82,False,-103.07641385099846,49
83,False,-67.75798625457348,49
84,False,-623.6531459896764,49
85,False,-418.0729095674268,49
86,False,-0.5327709751893046,49
87,False,-40.4449593366269,49
88,False,-9.494302968652647,49
89,False,-701.1576754708755,49
90,False,19.975241159171198,49
91,False,-295.1820203471146,49
92,False,-125.50836691976703,49
93,False,-98.73636760747121,49
94,False,-61.975095578486936,49
95,False,-212.44846844781696,49
96,False,-31.00504153408043,49
97,False,-207.12148832410003,49
98,False,-47.51389950877615,49
99,False,-171.19501635401178,49
100,False,2.303513965834152,49
101,False,-52.131681549763464,49
102,False,-79.79795721643087,49
103,False,-371.65507262870176,49
104,False,-84.32145437267656,49
105,False,-52.20680142914207,49
106,False,-90.44761240217741,49
107,False,-99.68059310961917,49
108,False,2.161271485134421,49
109,False,-175.23746671869367,49
110,False,-43.64676626138409,49
111,False,-8.686189936175246,49
112,False,-78.37606116501776,49
113,False,-106.92587047587214,49
114,False,80.93487760480788,49
115,False,49.15456841531764,49
116,False,-45.782349955306884,49
117,False,-97.8789780806745,49
118,False,-61.13439293966621,49
119,False,-51.55013792276687,49
120,False,-97.35206122175158,49
121,False,-28.665332899234446,49
122,False,-59.05386429112807,49
123,False,34.31696405755343,49
124,False,-90.61825050161778,49
125,False,-330.81733355681536,49
126,False,-59.08788887255679,49
127,False,78.32649901087716,49
128,False,-322.42251361834104,49
129,False,-165.29189784803268,49
130,False,-201.07102143315547,49
131,False,-137.54915713231344,49
132,False,-97.4815825831573,49
133,False,14.400816298183933,49
134,False,23.376065781970354,49
135,False,-57.92066899604946,49
136,False,-103.3056931566018,49
137,False,-103.61469526265543,49
138,False,-67.86792872331648,49
139,False,-173.5706015729548,49
140,False,-47.64023310625428,49
141,False,-61.07287227429553,49
142,False,-102.68530578221097,49
143,False,-165.29819360712034,49
144,False,13.439662063067253,49
145,False,-156.15605488230665,49
146,False,0.05200178767398356,49
147,False,9.508187378904532,49
148,False,-28.142416572374366,49
149,False,60.32675824758965,49
150,False,-187.88417624419577,49
151,False,-35.73231017422508,49
152,False,-148.3605321503433,49
153,False,-73.24497399113534,49
154,False,-48.53150645162138,49
155,False,-100.5036485503087,49
156,False,-160.99461700685129,49
157,False,-109.97272500933428,49
158,False,52.882972408706145,49
159,False,10.29245188879678,49
160,False,-136.81209100510134,49
161,False,-275.88746626138175,49
162,False,-49.711293574209805,49
163,False,-303.9772589685294,49
164,False,-17.337138266478597,49
165,False,-232.5278444558086,49
166,False,-166.44787740522023,49
167,False,-53.273468482290795,49
168,False,-63.14127120532982,49
169,False,-375.10646032791044,49
170,False,-17.224869314238667,49
171,False,-194.83359404425505,49
172,False,44.173042446054055,49
173,False,-91.32622972326618,49
174,False,-21.812137378480248,49
175,False,45.496418496797176,49
176,False,-32.6076036270986,49
177,False,-47.64832888818388,49
178,False,-28.605527172172092,49
179,False,9.966698695791363,49
180,False,-623.537903045757,49
181,False,-35.68541370028821,49
182,False,-398.3917679750093,49
183,False,-66.61168910727606,49
184,False,-136.57981301866369,49
185,False,30.801533711420973,49
186,False,-176.7199512912343,49
187,False,-87.09588927096678,49
188,False,-220.77777642894335,49
189,False,-22.212359738433797,49
190,False,-185.99446727853325,49
191,False,-153.30637386004938,49
192,False,-106.5320734685491,49
193,False,-43.10135752346543,49
194,False,-53.86035056281511,49
195,False,-93.1586109671188,49
196,False,-50.37998192420042,49
197,False,3.7102081119238264,49
198,False,-190.994875794673,49
199,False,-299.8595546965645,49
200,False,-171.53302475560173,49
201,False,-155.58775901365493,49
202,False,-107.59108264497192,49
203,False,-258.5442516033938,49
204,False,-198.62102949753609,49
205,False,-80.39563729448825,49
206,False,-77.3522237221107,49
207,False,-315.30305114930025,49
208,False,-342.1366534819448,49
209,False,22.73639601823377,49
210,False,-125.93870938133695,49
211,False,-22.69793748660209,49
212,False,-180.94374858042437,49
213,False,-97.82349980362011,49
214,False,-18.291799337162885,49
215,False,12.660285554648743,49
216,False,-45.26302771664906,49
217,False,-169.0141365329427,49
218,False,5.203336880687896,49
219,False,-70.49101117967717,49
220,False,-9.590553133904859,49
221,False,1.6588451698314177,49
222,False,-9.172021746162734,49
223,False,-146.49238844896118,49
224,False,-289.6559362341901,49
225,False,-19.265737560728674,49
226,False,-91.48589769624127,49
227,False,-477.13063149785717,49
228,False,-19.020217131559722,49
229,False,-155.70919660370546,49
230,False,-111.83461248362747,49
231,False,-62.22751858770903,49
232,False,30.46977428915592,49
233,False,-70.69824410624824,49
234,False,69.61692377122532,49
235,False,-164.38162688470172,49
236,False,-505.81306713458855,49
237,False,-260.16246449154346,49
238,False,-20.253608234366098,49
239,False,-14.908691032801073,49
240,False,10.775513520510167,49
241,False,-25.00532260273616,49
242,False,-34.198798908434625,49
243,False,-26.258139466435328,49
244,False,6.4871481225641645,49
245,False,33.20592712886312,49
246,False,43.142498777362704,49
247,False,-469.88491424551813,49
248,False,-1.97656834861694,49
249,False,-75.58364684925951,49
250,False,-3.071006562605529,49
251,False,-151.38259112208578,49
252,False,-724.6915792037755,49
253,False,-196.80720440661833,49
254,False,-189.75231690854554,49
255,False,-159.58669968067073,49
256,False,-194.5924779221145,49
257,False,-8.663465183238358,49
258,False,-121.15872099988569,49
259,False,-79.23475900042783,49
260,False,21.38368925391039,49
261,False,-18.932465527714953,49
262,False,-43.19504130646089,49
263,False,16.94855662479337,49
264,False,5.044282776886799,49
265,False,5.6805448724766965,49
266,False,-155.91080432372078,49
267,False,-239.92462473021203,49
268,False,-104.07375645913851,49
269,False,-19.082813326027917,49
270,False,-28.801924134984834,49
271,False,-76.4801476477152,49
272,False,2.9903307811158655,49
273,False,-24.674553194352896,49
274,False,-56.36119303784432,49
275,False,-51.73743660354023,49
276,False,-75.60685136225679,49
277,False,-72.14099266548395,49
278,False,-7.706598076353682,49
279,False,-291.88993539367993,49
280,False,-269.4467591582396,49
281,False,-163.93206225088562,49
282,False,5.240108469204729,49
283,False,-22.731254582861077,49
284,False,-247.54758330104937,49
285,False,-42.4003661357449,49
286,False,-444.08220984471353,49
287,False,-53.38312274789778,49
288,False,-58.94434475616511,49
289,False,-11.38073209853085,49
290,False,-214.30806411942197,49
291,False,-75.61580246272914,49
292,False,-198.8497062408305,49
293,False,-172.54583125072358,49
294,False,-5.897832973726993,49
295,False,-86.9037286440451,49
296,False,-3.0567157984123945,49
297,False,-171.15176343511797,49
298,False,-64.88340781366381,49
299,False,-135.54854680233103,49
300,False,-361.10711525297376,49
301,False,-0.334070937566346,49
302,False,37.255675321048216,49
303,False,-232.48921417971764,49
304,False,-212.50086208176918,49
305,False,6.180787953058086,49
306,False,-145.6192297677711,49
307,False,-76.94449203604366,49
308,False,12.143050405175188,49
309,False,28.71842349512122,49
310,False,-27.001663230004837,49
311,False,-87.23892355517033,49
312,False,-227.96022507291013,49
313,False,-188.9895001543859,49
314,False,-179.76866044139084,49
315,False,12.268577837756105,49
316,False,-57.30629587616896,49
317,False,71.8389873637816,49
318,False,-83.21660493264852,49
319,False,-301.9106778965944,49
320,False,-147.799213978427,49
321,False,-70.20119055471076,49
322,False,-58.64956898359406,49
323,False,70.60389316049623,49
324,False,-179.01859622748103,49
325,False,-156.72214025006852,49
326,False,37.17931438645067,49
327,False,-24.538992522390817,49
328,False,40.081607682102685,49
329,False,-331.98251382494965,49
330,False,-14.009278489099628,49
331,False,-18.73846551277204,49
332,False,-202.0075597471294,49
333,False,-185.536838835754,49
334,False,45.780780982559634,49
335,False,-499.7062467154037,49
336,False,-114.13258237015552,49
337,False,-228.420876473426,49
338,False,101.74427583037023,49
339,False,-92.06429062515723,49
340,False,-203.04472631636685,49
341,False,-2.3653211454513823,49
342,False,-92.71598970228493,49
343,False,-86.06024491140624,49
344,False,-161.53961997939655,49
345,False,-329.64533953913127,49
346,False,-75.69511163578228,49
347,False,-277.1242987322772,49
348,False,-40.893582850888066,49
349,False,-40.8554825567606,49
350,False,-212.50148418784948,49
351,False,13.217584794545141,49
352,False,-73.71267760339306,49
353,False,-80.93172237865947,49
354,False,47.38269315382249,49
355,False,71.78450395066326,49
356,False,-689.4589329706151,49
357,False,-131.25288317543254,49
358,False,61.63674968185412,49
359,False,-231.62638963937422,49
360,False,-146.13116244451803,49
361,False,-77.8344968134277,49
362,False,-478.0094435015628,49
363,False,-64.18647840401113,49
364,False,14.796984503341529,49
365,False,-12.262114061363352,49
366,False,-205.81538639811117,49
367,False,-19.30688634267464,49
368,False,-107.35860763531439,49
369,False,-46.87426689801733,49
370,False,-196.808354546392,49
371,False,3.7303652404610688,49
372,False,-378.5692358257387,49
373,False,-136.7751346720127,49
374,False,-35.75775009654611,49
375,False,-84.15954159881902,49
376,False,-37.352768168225815,49
377,False,-182.12388411027166,49
378,False,-119.31415103256494,49
379,False,-163.33321908061606,49
380,False,10.469525086988995,49
381,False,-388.93231549700903,49
382,False,-300.9361099412086,49
383,False,-32.63087023305702,49
384,False,-58.91327473598786,49
385,False,78.02389596328611,49
386,False,-213.40933026720393,49
387,False,-36.90616256231775,49
388,False,-40.16360284705722,49
389,False,-84.00552685268713,49
390,False,-27.144537704446105,49
391,False,-165.1970473024429,49
392,False,16.06143899133363,49
393,False,-63.481170015042096,49
394,False,-12.662125431018332,49
395,False,14.017344724387252,49
396,False,-101.74979806218101,49
397,False,-185.90369230290776,49
398,False,-1.69330231418299,49
399,False,-54.79071922785708,49
400,False,-24.11205127277811,49
401,False,-25.31763346933057,49
402,False,-101.69260165019782,49
403,False,-81.16362639510328,49
404,False,-178.99923968775477,49
405,False,-23.421878845568084,49
406,False,-188.71788598054064,49
407,False,-120.0966494559919,49
408,False,-170.61893375016552,49
409,False,-174.52419226203887,49
410,False,-104.48827117770772,49
411,False,-100.42098021678767,49
412,False,-336.83122768176577,49
413,False,-908.279333335603,49
414,False,23.589982975690447,49
415,False,-313.85303096784884,49
416,False,-43.666235535311486,49
417,False,101.15902923220617,49
418,False,-157.75978724643537,49
419,False,27.090896269477682,49
420,False,-704.7300204153034,49
421,False,-75.88918863481035,49
422,False,-18.62568785080567,49
423,False,-128.5077104140894,49
424,False,-126.09605080313209,49
425,False,-77.536663551386,49
426,False,-5.689875841044248,49
427,False,-96.00063620135438,49
428,False,-23.888060364356107,49
429,False,-234.29946144148772,49
430,False,-669.9503302201371,49
431,False,-20.743598518308286,49
432,False,-19.836049713815814,49
433,False,-81.52692565944851,49
434,False,-469.60317948114607,49
435,False,-12.478849116231167,49
436,False,-108.57979079504652,49
437,False,-234.9300677305134,49
438,False,-11.237744551078498,49
439,False,-193.69073579256283,49
440,False,36.36321835316584,49
441,False,-43.78347864776729,49
442,False,15.04494635483551,49
443,False,-2.2894371075619393,49
444,False,-24.412324535587217,49
445,False,45.39749929506344,49
446,False,-492.64069626431376,49
447,False,-379.2255606542671,49
448,False,-113.29352415982946,49
449,False,-222.83989507084158,49
450,False,-148.32632977450572,49
451,False,18.179061589733003,49
452,False,-15.991908375238367,49
453,False,-58.703959651013875,49
454,False,-267.0713800080226,49
455,False,-252.39685682874077,49
456,False,-127.28278745212313,49
457,False,-10.072891134736953,49
458,False,-56.78433047506784,49
459,False,-9.563803997977999,49
460,False,-394.07614844397045,49
461,False,-100.45028748038737,49
462,False,3.211167698324452,49
463,False,-109.34383588218986,49
464,False,65.13658386276458,49
465,False,-375.05445346970316,49
466,False,64.54087178168425,49
467,False,-127.37943722335254,49
468,False,-387.87753644546603,49
469,False,-142.06613814968182,49
470,False,-264.6977901842323,49
471,False,-101.87763077920015,49
472,False,-326.12760299290835,49
473,False,-206.3693899527465,49
474,False,-88.36432314219401,49
475,False,36.96991382606463,49
476,False,-140.81752013497385,49
477,False,-19.967673702959573,49
478,False,39.91910280646848,49
479,False,10.147558515511948,49
480,False,-123.54633994932833,49
481,False,-33.57872873273741,49
482,False,-191.95310599364808,49
483,False,15.060225555294377,49
484,False,-26.118418745527446,49
485,False,-317.97888368387714,49
486,False,-6.60439863971742,49
487,False,-174.88973348283315,49
488,False,-146.21292732884453,49
489,False,-83.40623779490744,49
490,False,-210.47192739439734,49
491,False,-288.73233239684475,49
492,False,-91.75885434620878,49
493,False,64.66208403546243,49
494,False,-14.752846068051511,49
495,False,11.289254027239835,49
496,False,-3.1175511674709497,49
497,False,-121.4005492034173,49
498,False,-213.23143427390752,49
499,False,-99.91628542328856,49
500,False,-286.3912183542224,49
501,False,24.522987266362247,49
502,False,-275.6054435126532,49
503,False,14.128841924359435,49
504,False,-310.3902307437686,49
505,False,-252.61391012994585,49
506,False,-54.791527540809696,49
507,False,-43.37248891919597,49
508,False,-12.461351305663886,49
509,False,-43.170886940371375,49
510,False,-200.8168457390715,49
511,False,-124.89764592626761,49
512,False,-203.48355741622782,49
513,False,-115.28539771136647,49
514,False,-701.7941093660829,49
515,False,25.937093091213438,49
516,False,40.72042998636441,49
517,False,-40.32291856527802,49
518,False,-62.54286621063933,49
519,False,-4.0369852176772,49
520,False,-12.163370009391326,49
521,False,-54.26686410864864,49
522,False,4.928421532758973,49
523,False,-41.09709638195841,49
524,False,-20.76568489314893,49
525,False,51.7263414419786,49
526,False,-304.24549360010974,49
527,False,-208.18346671135504,49
528,False,-265.0685463980275,49
529,False,-446.14809262823064,49
530,False,-100.95910904690399,49
531,False,-95.18200313359579,49
532,False,-6.19004388297099,49
533,False,3.660987440964135,49
534,False,11.348837823198132,49
535,False,32.84245362535057,49
536,False,-26.8283705652914,49
537,False,-232.55403959680282,49
538,False,-78.99083523265818,49
539,False,-60.2374397835238,49
540,False,-74.49339419872534,49
541,False,-32.782722275672285,49
542,False,-229.5484704343801,49
543,False,-18.601080985581596,49
544,False,-270.0482392896726,49
545,False,41.213222748053205,49
546,False,-82.27667442480994,49
547,False,-149.7920206049203,49
548,False,-64.35337720530431,49
549,False,-231.97378757898875,49
550,False,-109.00467546808667,49
551,False,-29.47479768314621,49
552,False,-605.9966356510599,49
553,False,3.091308529146133,49
554,False,5.698276562913502,49
555,False,-27.450808367109772,49
556,False,-87.5391659946703,49
557,False,10.08533927343004,49
558,False,-47.717107744557126,49
559,False,-346.9757025175963,49
560,False,-140.65077477341373,49
561,False,-56.180303455645586,49
562,False,-45.320044239460955,49
563,False,-35.17338339400534,49
564,False,-45.50895088337154,49
565,False,-32.11608805018178,49
566,False,-126.9125499837167,49
567,False,-71.17458408456687,49
568,False,36.44852365276476,49
569,False,28.81101323349592,49
570,False,75.83686998235825,49
571,False,-287.6833385514964,49
572,False,-393.7587850296127,49
573,False,-308.22504338798217,49
574,False,-148.0992728525957,49
575,False,-288.7608227531812,49
576,False,-64.70864820622805,49
577,False,-97.07367120479948,49
578,False,-78.01994192105,49
579,False,13.30369770044685,49
580,False,-42.45750280453228,49
581,False,-124.36268999097067,49
582,False,54.9069345067535,49
583,False,-121.88127887293263,49
584,False,-18.996009569067233,49
585,False,-108.55905542172735,49
586,False,-82.051103630479,49
587,False,-108.22883951399596,49
588,False,65.81273077940872,49
589,False,28.381804423265333,49
590,False,27.8680920313006,49
591,False,-128.82506566622789,49
592,False,-67.91583533459678,49
593,False,58.5781749355558,49
594,False,-122.26937228849455,49
595,False,-113.87821830209808,49
596,False,-35.01158305813848,49
597,False,-199.41342218787003,49
598,False,-67.3831935332438,49
599,False,-24.156088555094048,49
600,False,-198.2795821199313,49
601,False,-82.67012019501547,49
602,False,-119.284018975889,49
603,False,-64.76609302979493,49
604,False,111.41882134768709,49
605,False,-124.33581411680639,49
606,False,25.072967824283985,49
607,False,-264.0244145793969,49
608,False,-13.38116185979945,49
609,False,57.89579593000363,49
610,False,-171.90197949073658,49
611,False,0.41878957565401453,49
612,False,-442.2399100502882,49
613,False,-234.07664901522134,49
614,False,-76.74901649264474,49
615,False,35.52474157710859,49
616,False,-110.07276955068717,49
617,False,-76.74392068646553,49
618,False,-159.6491639495378,49
619,False,19.359843619940527,49
620,False,-161.375622989479,49
621,False,-119.27441191580348,49
622,False,-179.5355646170086,49
623,False,-505.2499067798465,49
624,False,-27.70515224560827,49
625,False,-48.60953860293286,49
626,False,37.43024318013964,49
627,False,-69.0244742944022,49
628,False,-83.51519137716114,49
629,False,34.113098465567674,49
630,False,-728.6830025934046,49
631,False,-164.59966232815566,49
632,False,-98.24241277981393,49
633,False,-12.775825608501364,49
634,False,63.14003299015326,49
635,False,-58.6390147996776,49
636,False,-310.2710618472821,49
637,False,-158.48272183219987,49
638,False,-68.32736880708214,49
639,False,-182.71916263385546,49
640,False,-179.17328929440302,49
641,False,46.9810597705974,49
642,False,-24.635882438773432,49
643,False,-98.99387026947075,49
644,False,4.365675114082345,49
645,False,-160.24523013295257,49
646,False,39.91616606052771,49
647,False,43.971680589330376,49
648,False,-10.331865181150903,49
649,False,-46.68266714177329,49
650,False,-13.0654518469876,49
651,False,-109.8706196561865,49
652,False,-89.989607243196,49
653,False,-141.41661817017788,49
654,False,-30.649864461297618,49
655,False,-201.0906754897906,49
656,False,-35.386630141384465,49
657,False,105.3352110371352,49
658,False,-31.045751917355577,49
659,False,-287.50667420255775,49
660,False,-398.8857999683315,49
661,False,-157.96607532140186,49
662,False,-87.01967435538533,49
663,False,-202.42214059292064,49
664,False,-234.26646866741288,49
665,False,-276.2159027690897,49
666,False,-212.5790302284738,49
667,False,-10.731211434117608,49
668,False,-152.12805739945944,49
669,False,-152.80100194076033,49
670,False,53.57893177545274,49
671,False,-97.84334975711292,49
672,False,7.926401072457825,49
673,False,-30.531511141539347,49
674,False,-517.1665784105508,49
675,False,29.116909838859293,49
676,False,-161.28172737960648,49
677,False,8.566714239016619,49
678,False,28.283595786807407,49
679,False,-266.72828384739694,49
680,False,-76.55182801707028,49
681,False,-131.23703768287496,49
682,False,-255.28778225672534,49
683,False,-314.4276367728554,49
684,False,-154.99630297125972,49
685,False,-28.73931852508031,49
686,False,0.041490220705483694,49
687,False,-155.63594190961211,49
688,False,-117.64574455343634,49
689,False,-10.167765036529168,49
690,False,-445.3019345622385,49
691,False,-214.90948854905454,49
692,False,-153.624843617783,49
693,False,-2.9838945593675135,49
694,False,6.477692245169756,49
695,False,-447.15957506696276,49
696,False,56.29895530618104,49
697,False,-71.62023258130635,49
698,False,-255.06321231073562,49
699,False,-37.652400925734405,49
700,False,-172.1635460685472,49
701,False,54.77615180920992,49
702,False,-16.263443184707146,49
703,False,52.50237920188313,49
704,False,-44.81468235926862,49
705,False,-157.32473971694898,49
706,False,50.615941598020655,49
707,False,-358.1723287748022,49
708,False,-144.59747436772653,49
709,False,23.503458065957346,49
710,False,-448.9008862781558,49
711,False,4.096581458067101,49
712,False,-153.34976734386473,49
713,False,-28.057710310071226,49
714,False,6.785513237661718,49
715,False,-82.58980121320585,49
716,False,-67.66532746363875,49
717,False,-89.05674140400754,49
718,False,-112.97394206124093,49
719,False,-2.949679398142841,49
720,False,-106.16155501451965,49
721,False,-368.72361611264773,49
722,False,-159.80098322027845,49
723,False,-132.866728756297,49
724,False,18.087179170210938,49
725,False,-150.6864004801171,49
726,False,-729.4525809714751,49
727,False,-3.2409800835978615,49
728,False,-90.4163586020093,49
729,False,14.754059531938573,49
730,False,-190.7114369955755,49
731,False,24.746368614457033,49
732,False,-200.155472095127,49
733,False,-192.5008792543047,49
734,False,-130.79444555362147,49
735,False,-25.121994372433857,49
736,False,-32.032444660849066,49
737,False,18.80533843565533,49
738,False,-48.85638348694514,49
739,False,-18.20709285449838,49
740,False,-62.152309166661375,49
741,False,-7.693849513361298,49
742,False,-378.8012231153013,49
743,False,18.023718507437792,49
744,False,-102.99378086913158,49
745,False,36.24575449956767,49
746,False,-8.530423930982215,49
747,False,-212.16510055683182,49
748,False,-77.77091752124556,49
749,False,15.13651176528571,49
750,False,-132.9702821565682,49
751,False,-10.397439161681653,49
752,False,-135.77640647109482,49
753,False,-59.90062284702257,49
754,False,-81.77686846400111,49
755,False,-147.38741665711154,49
756,False,-160.64012027150267,49
757,False,-2.9083727726412363,49
758,False,-77.58225140427604,49
759,False,-3.904882224672736,49
760,False,-282.3091496851959,49
761,False,-59.51566755434021,49
762,False,-102.02774641614977,49
763,False,-18.266840066375273,49
764,False,0.839498143559215,49
765,False,-185.47906791354455,49
766,False,-179.53816729693585,49
767,False,-89.85094168230404,49
768,False,-156.17281107616782,49
769,False,32.86403920810019,49
770,False,-277.6488206455923,49
771,False,68.94945586843892,49
772,False,-28.579442225230157,49
773,False,34.06549122198808,49
774,False,-132.0461725538599,49
775,False,12.361113216800632,49
776,False,-23.250804063817128,49
777,False,-36.70408444477522,49
778,False,-270.3735930889544,49
779,False,-162.79176143317653,49
780,False,-129.69022881657594,49
781,False,83.1195823183673,49
782,False,78.30601728551201,49
783,False,-580.2097884880844,49
784,False,-230.41434522533393,49
785,False,90.67957568331455,49
786,False,-72.16817140329148,49
787,False,13.332956903182442,49
788,False,-49.85122157931911,49
789,False,-33.82668268588478,49
790,False,51.57588323454851,49
791,False,-306.18763891497133,49
792,False,-5.216829434364936,49
793,False,-127.97462497940535,49
794,False,29.342301255196524,49
795,False,-86.81449685489638,49
796,False,-284.7741326844958,49
797,False,60.51249375227415,49
798,False,-143.30243630656048,49
799,False,-202.59581575489136,49
800,False,39.39790436929421,49
801,False,-68.74837018780916,49
802,False,-305.02218392142413,49
803,False,-187.28796980028704,49
804,False,31.642120670429893,49
805,False,-47.6414220981554,49
806,False,-17.92641028488476,49
807,False,41.15434389101297,49
808,False,-4.743783274458533,49
809,False,-24.92960816596253,49
810,False,24.35819606339376,49
811,False,-192.68348727260667,49
812,False,-134.8584401114679,49
813,False,-263.10619997482695,49
814,False,-62.98078674410135,49
815,False,-57.623296981399925,49
816,False,-130.26124770409027,49
817,False,-67.34027685184127,49
818,False,-340.14440793692194,49
819,False,78.32680775999657,49
820,False,56.78833679791157,49
821,False,-135.42116643209314,49
822,False,70.09667144451733,49
823,False,-67.00792866727055,49
824,False,-327.97093099394436,49
825,False,12.300924136304484,49
826,False,1.9383622600753192,49
827,False,-18.94140463280106,49
828,False,-208.24146614651303,49
829,False,-82.92695795618702,49
830,False,-181.98543748921733,49
831,False,25.834846596674883,49
832,False,-14.465246307203323,49
833,False,43.85731145943384,49
834,False,-80.54372853366584,49
835,False,-78.53469792367767,49
836,False,-192.5535653131225,49
837,False,-55.34087610793638,49
838,False,77.50800065482191,49
839,False,-60.31609211351124,49
840,False,-24.608023472189473,49
841,False,45.88898857898215,49
842,False,-145.77964376399493,49
843,False,65.57180401146732,49
844,False,-489.86981878558765,49
845,False,-139.70708272456793,49
846,False,-123.68648136793291,49
847,False,-267.87221150811536,49
848,False,-265.9448708806821,49
849,False,-391.7307275572189,49
850,False,-64.00231122556886,49
851,False,31.982858286415905,49
852,False,39.703614334003795,49
853,False,-40.0909558063535,49
854,False,-34.57198409403609,49
855,False,-425.67236662864354,49
856,False,-0.7826391921872116,49
857,False,-4.126956403859403,49
858,False,-473.02679953763754,49
859,False,-92.99230907179292,49
860,False,-70.04736436172468,49
861,False,-22.77144518502641,49
862,False,-280.0807501322968,49
863,False,-153.96379049846584,49
864,False,-59.26629958843641,49
865,False,-145.65843323386446,49
866,False,-72.59278518800986,49
867,False,-135.9423614902057,49
868,False,-33.45691387744658,49
869,False,-53.48409037161553,49
870,False,-448.6618573041173,49
871,False,-9.28832790745103,49
872,False,29.67629403192895,49
873,False,-368.2210488596161,49
874,False,-42.09276560745201,49
875,False,-331.3104043371159,49
876,False,-124.76433222068071,49
877,False,-62.83860095239166,49
878,False,-62.64113637741078,49
879,False,-43.35467033526981,49
880,False,13.646871883212029,49
881,False,-316.21223655110236,49
882,False,22.327737802034065,49
883,False,59.120326783679026,49
884,False,25.459918036957973,49
885,False,12.809226797179596,49
886,False,-50.29076361647118,49
887,False,-16.106080445509946,49
888,False,-723.5930203660578,49
889,False,-354.7817951272282,49
890,False,-313.143771196805,49
891,False,37.61954235805841,49
892,False,-589.5959700585452,49
893,False,-174.5403119263888,49
894,False,1.7212877553675767,49
895,False,11.040258789143856,49
896,False,-87.35877087893905,49
897,False,-84.07029512557861,49
898,False,-4.007791567764727,49
899,False,-85.76937660704365,49
900,False,-315.1194257316248,49
901,False,24.490875115800375,49
902,False,-401.5614606120853,49
903,False,7.526384658974017,49
904,False,-33.97844564692128,49
905,False,34.24692644145633,49
906,False,-8.78343677038384,49
907,False,-44.93936333934019,49
908,False,-101.97072285359093,49
909,False,15.774422745791078,49
910,False,-174.45168663376953,49
911,False,-645.0329749203291,49
912,False,-314.6752416380297,49
913,False,20.005503793301067,49
914,False,-128.13003049125734,49
915,False,35.16210814402865,49
916,False,-37.40640605676148,49
917,False,-34.715630029721396,49
918,False,24.238989783267563,49
919,False,-215.0387688962618,49
920,False,-60.774679336966784,49
921,False,-71.42232897851386,49
922,False,-349.3093393043936,49
923,False,-125.06173907908808,49
924,False,-51.70058189326009,49
925,False,1.8943285823722693,49
926,False,-7.413521889540419,49
927,False,-86.08057780104357,49
928,False,-20.897828355394182,49
929,False,18.4297366716576,49
930,False,-26.5752276151203,49
931,False,-2.3502542994491193,49
932,False,-12.00384341610716,49
933,False,-4.961610556780343,49
934,False,-178.18511656272688,49
935,False,-308.2522853350044,49
936,False,-11.056099410172422,49
937,False,-153.51139497068607,49
938,False,-225.79842192035707,49
939,False,66.69562301674418,49
940,False,37.353480807716785,49
941,False,-560.6185726040189,49
942,False,50.82458206871023,49
943,False,-310.6475525944688,49
944,False,-274.96691094132655,49
945,False,20.78114214953257,49
946,False,-121.56730059389548,49
947,False,-534.6815627836265,49
948,False,76.7176202799931,49
949,False,-417.7598167686269,49
950,False,41.59713302272756,49
951,False,-40.47115052781294,49
952,False,-120.83336558357163,49
953,False,33.07659245636261,49
954,False,-81.47276537565907,49
955,False,60.566303984472604,49
956,False,-35.06383028671042,49
957,False,-109.67875489195717,49
958,False,-197.94382212259976,49
959,False,1.707600945348128,49
960,False,-63.602682304670196,49
961,False,-197.21255058931553,49
962,False,-104.59863062072655,49
963,False,-32.49413493519589,49
964,False,80.14241669037615,49
965,False,-47.411891734310075,49
966,False,-22.12821495215098,49
967,False,-223.6994128723621,49
968,False,-229.69728933671166,49
969,False,-52.48345492150782,49
970,False,-27.082048126615618,49
971,False,-42.69528331560333,49
972,False,-186.24764527530462,49
973,False,-85.83223674615678,49
974,False,-3.931279197453347,49
975,False,-208.03862352415226,49
976,False,-284.4699996400095,49
977,False,-72.45359993563892,49
978,False,-58.94193090249989,49
979,False,-359.5054635286526,49
980,False,-31.824939974310304,49
981,False,-31.31990718067747,49
982,False,-116.3709577088132,49
983,False,45.433385717622635,49
984,False,-50.787750485538325,49
985,False,6.578170631962165,49
986,False,29.093009678225542,49
987,False,-66.8761439847965,49
988,False,-345.78487569574077,49
989,False,-56.62795113222079,49
990,False,-62.66893737906804,49
991,False,1.3775755072349725,49
992,False,-44.44378077692872,49
993,False,-34.8483460853694,49
994,False,-175.30592986355884,49
995,False,31.33861376497161,49
996,False,32.9567537692359,49
997,False,-50.75882041758234,49
998,False,-85.8321319232189,49
999,False,-55.37893548713948,49
1000,False,47.927164903995916,49
1001,False,-271.30118702427995,49
1002,False,-116.27904318488119,49
1003,False,-35.497046351057676,49
1004,False,-620.9363233323486,49
1005,False,-78.77239086403843,49
1006,False,-41.43862861149471,49
1007,False,-343.7960544526587,49
1008,False,-82.28371528259603,49
1009,False,-254.87583864850157,49
1010,False,-81.05885078807063,49
1011,False,-486.50423332740246,49
1012,False,20.844544331293456,49
1013,False,-24.122042185433227,49
1014,False,-5.506019945437652,49
1015,False,-400.13229118072263,49
1016,False,-108.54218383693149,49
1017,False,-274.5940384242755,49
1018,False,-125.00428332009115,49
1019,False,-110.1395950570389,49
1020,False,65.29827078139512,49
1021,False,-401.5372972119204,49
1022,False,-8.869427807097667,49
1023,False,-261.8356031176687,49
1024,False,-112.77213703090533,49
1025,False,-170.31290733574082,49
1026,False,-1.6908048313374664,49
1027,False,-182.3428266888838,49
1028,False,-48.11428213093474,49
1029,False,-385.04233137154495,49
1030,False,-133.9157503457615,49
1031,False,-165.96722286994083,49
1032,False,-70.7662238393103,49
1033,False,-69.11854665776025,49
1034,False,-163.97931457818493,49
1035,False,-0.6882981911277533,49
1036,False,-66.00698627405117,49
1037,False,-54.219413790771966,49
1038,False,43.1734887249776,49
1039,False,-225.99403603215134,49
1040,False,-63.01243424162586,49
1041,False,-285.17393545720586,49
1042,False,-167.687433660194,49
1043,False,-19.52461675961888,49
1044,False,-493.7098338938147,49
1045,False,-166.49508136315177,49
1046,False,-121.86574036490589,49
1047,False,-294.84013096505186,49
1048,False,-61.259145585186396,49
1049,False,-139.6551378882682,49
1050,False,7.624457407088887,49
1051,False,-46.97864327009121,49
1052,False,-307.5485165074867,49
1053,False,-69.96929017927775,49
1054,False,-320.86450105349945,49
1055,False,-99.69133559595521,49
1056,False,-5.945026356066769,49
1057,False,39.54072536642359,49
1058,False,-295.9822997751437,49
1059,False,-5.094908590459809,49
1060,False,2.3304629637729173,49
1061,False,-97.73261444934053,49
1062,False,-28.867715041750483,49
1063,False,92.67708214369718,49
1064,False,-4.084771307727866,49
1065,False,-116.02713177357383,49
1066,False,-63.065047002832046,49
1067,False,73.67250530091478,49
1068,False,-161.86672800853273,49
1069,False,-44.62694104224664,49
1070,False,10.683995512291858,49
1071,False,-69.76208244681592,49
1072,False,-143.93375184050169,49
1073,False,58.431902917286735,49
1074,False,-282.72458007064836,49
1075,False,16.031027378668213,49
1076,False,-40.049842813844066,49
1077,False,45.62060189780177,49
1078,False,-208.13298254698108,49
1079,False,-178.250741120964,49
1080,False,-557.6248257790528,49
1081,False,-51.28173941184065,49
1082,False,-121.22506188768764,49
1083,False,-107.06563639513021,49
1084,False,-145.14423942204252,49
1085,False,16.15504192001061,49
1086,False,59.18430882518996,49
1087,False,-60.26695070209497,49
1088,False,-134.85856594384396,49
1089,False,-38.062055305270626,49
1090,False,30.07219302949996,49
1091,False,-161.59667408948536,49
1092,False,-316.8833130184538,49
1093,False,48.42999841761353,49
1094,False,-40.96818633142145,49
1095,False,103.2548394120574,49
1096,False,-250.65863568491332,49
1097,False,-141.3478604095434,49
1098,False,77.50298917134322,49
1099,False,-424.40536995262346,49
1100,False,-45.84516885066202,49
1101,False,-134.53321281317844,49
1102,False,-218.56417385545706,49
1103,False,48.50582304960262,49
1104,False,51.62741873413551,49
1105,False,-161.40424663927573,49
1106,False,-1053.5311021713899,49
1107,False,-98.01589634035065,49
1108,False,-233.92277054295948,49
1109,False,-51.924169035785084,49
1110,False,-235.88818823048751,49
1111,False,-90.07730764434696,49
1112,False,-19.70226755693479,49
1113,False,-16.534322395098044,49
1114,False,-45.022642864956794,49
1115,False,-31.014674786053494,49
1116,False,-51.62142165689302,49
1117,False,-46.08942780578115,49
1118,False,-3.346250081099612,49
1119,False,-130.51433064881851,49
1120,False,-110.94387307624265,49
1121,False,-138.9487106950564,49
1122,False,-392.77872396853985,49
1123,False,-44.357540928099894,49
1124,False,-86.92344895609816,49
1125,False,7.280265172313962,49
1126,False,-56.85175127899538,49
1127,False,29.98588874192214,49
1128,False,67.24686049713131,49
1129,False,-67.57830491415046,49
1130,False,-46.70491892465158,49
1131,False,-45.455464414707095,49
1132,False,-43.87061894824963,49
1133,False,-24.188532199190913,49
1134,False,-163.47706536583152,49
1135,False,-186.7945945789512,49
1136,False,59.178188047467856,49
1137,False,79.59609484173143,49
1138,False,-23.069920583305667,49
1139,False,20.07389431752618,49
1140,False,-27.33725049100437,49
1141,False,-174.76068284681736,49
1142,False,-91.05769162617511,49
1143,False,-62.4037785975956,49
1144,False,-352.10911062025514,49
1145,False,34.527045495023174,49
1146,False,-42.017865935682124,49
1147,False,-285.7261229740323,49
1148,False,-0.007506769572994898,49
1149,False,-17.29602081357133,49
1150,False,-41.54322829263391,49
1151,False,-177.83314843698943,49
1152,False,-50.40943658539537,49
1153,False,-297.73373868482014,49
1154,False,-111.90332421183018,49
1155,False,-145.7920879771596,49
1156,False,-185.45773037709617,49
1157,False,-112.67111098217809,49
1158,False,-227.21852715210838,49
1159,False,24.353110047471624,49
1160,False,-82.14147368911198,49
1161,False,-2.9254264899244915,49
1162,False,-51.99291284036678,49
1163,False,-260.25416451990134,49
1164,False,-93.05288000519755,49
1165,False,-36.60250168521137,49
1166,False,-0.26769668504047583,49
1167,False,-23.068917045287847,49
1168,False,-138.8031761430278,49
1169,False,-38.28624763682936,49
1170,False,5.155461640128717,49
1171,False,-6.841732841800091,49
1172,False,-180.4507513759452,49
1173,False,-396.79263832543785,49
1174,False,-146.51657011571618,49
1175,False,-4.316003388063994,49
1176,False,-361.99349624271775,49
1177,False,-66.87606140810253,49
1178,False,-309.09803528061,49
1179,False,-25.728577657905042,49
1180,False,-750.5494662442003,49
1181,False,69.69908497025841,49
1182,False,-29.144421078532392,49
1183,False,-60.5993381747913,49
1184,False,-17.763719479060654,49
1185,False,76.48246481206013,49
1186,False,-116.84901341262685,49
1187,False,-308.3498563586497,49
1188,False,-136.25735326115918,49
1189,False,-4.511496484120565,49
1190,False,55.11465319732282,49
1191,False,-71.13980638980772,49
1192,False,-18.270400375612912,49
1193,False,-155.12915045200106,49
1194,False,-51.66364399188478,49
1195,False,-226.57021595038168,49
1196,False,-101.16994666353449,49
1197,False,44.78465953567656,49
1198,False,-153.39895959270672,49
1199,False,-85.8332956558001,49
1200,False,57.20389558319209,49
1201,False,-426.1313833419384,49
1202,False,-110.80597579790805,49
1203,False,-17.592109304792285,49
1204,False,-76.43181508590528,49
1205,False,-18.4480980037009,49
1206,False,-38.930271669459884,49
1207,False,-91.84169061546325,49
1208,False,-338.7517300167932,49
1209,False,32.988177322386186,49
1210,False,-3.941418070914821,49
1211,False,-40.69334656490359,49
1212,False,-8.26531415152046,49
1213,False,-165.4545246029515,49
1214,False,4.172781081723933,49
1215,False,-27.664827308219827,49
1216,False,-428.7253728474899,49
1217,False,-59.008043872057335,49
1218,False,-41.83120725387213,49
1219,False,-591.8876121290964,49
1220,False,-46.55179270860245,49
1221,False,-14.010655995914234,49
1222,False,-74.97510483678694,49
1223,False,16.820424331204933,49
1224,False,23.11939993074667,49
1225,False,-395.46054537505955,49
1226,False,-23.49546738674131,49
1227,False,-312.6374890147232,49
1228,False,-29.472834845353656,49
1229,False,-337.9395534887562,49
1230,False,-41.09965686404236,49
1231,False,41.38676338377077,49
1232,False,14.816083260047549,49
1233,False,-183.82798290298092,49
1234,False,-36.94335224858382,49
1235,False,-30.570820947999856,49
1236,False,-263.0030879537302,49
1237,False,50.573363499985504,49
1238,False,-279.80999062263083,49
1239,False,-46.66950648168868,49
1240,False,-76.8566972997266,49
1241,False,-179.8713427219559,49
1242,False,-301.6123743875154,49
1243,False,13.889277747316044,49
1244,False,48.3446321933552,49
1245,False,-17.599685159973617,49
1246,False,-140.0797518231703,49
1247,False,10.551340674691211,49
1248,False,-122.28904396913751,49
1249,False,102.80719072044288,49
1250,False,-119.92257205375401,49
1251,False,5.58079605202411,49
1252,False,46.43779906219976,49
1253,False,36.700201634486504,49
1254,False,-78.59011890048447,49
1255,False,-42.546838464458574,49
1256,False,-56.636195295106226,49
1257,False,-85.17278104558304,49
1258,False,-195.78269757378018,49
1259,False,-144.19069110208076,49
1260,False,-90.80752012946812,49
1261,False,-75.3442612755439,49
1262,False,-171.82914617630107,49
1263,False,-4.137950247445559,49
1264,False,-163.6615861725636,49
1265,False,-139.5999700250336,49
1266,False,-106.41956823576126,49
1267,False,-8.54769636672814,49
1268,False,-48.77119637711059,49
1269,False,37.6465496434933,49
1270,False,39.416852077494646,49
1271,False,-215.82559048403715,49
1272,False,-444.6972448110642,49
1273,False,-109.6400625898266,49
1274,False,13.016927170985525,49
1275,False,-299.74736033067074,49
1276,False,37.036107295305875,49
1277,False,-50.473371660624366,49
1278,False,5.4830720927239724,49
1279,False,-156.4168211019951,49
1280,False,-122.69801259408041,49
1281,False,-27.86024581132977,49
1282,False,-255.52377355697254,49
1283,False,-546.3276412274704,49
1284,False,-199.8709318797383,49
1285,False,29.881137844121465,49
1286,False,30.35545923430415,49
1287,False,-64.85273019347953,49
1288,False,-311.51102096564557,49
1289,False,-96.87970851363696,49
1290,False,-322.77834445076405,49
1291,False,-64.22828638481148,49
1292,False,-70.75400192461439,49
1293,False,15.919482837437188,49
1294,False,-135.35992097973636,49
1295,False,24.028055919891777,49
1296,False,-97.53198518645598,49
1297,False,-21.443940284193456,49
1298,False,-113.1990991004215,49
1299,False,-5.285432096190917,49
1300,False,11.803407830386762,49
1301,False,-128.41146894010635,49
1302,False,-45.913398247313225,49
1303,False,-68.91501430864486,49
1304,False,2.028768218735781,49
1305,False,-59.79586928821909,49
1306,False,21.819244354608983,49
1307,False,25.86814620199745,49
1308,False,-78.88893173893672,49
1309,False,-211.99653260554567,49
1310,False,-11.340461792470919,49
1311,False,-87.93659444001796,49
1312,False,20.58859304529489,49
1313,False,-57.977584879629376,49
1314,False,-11.055948511610339,49
1315,False,-83.58070329794965,49
1316,False,19.02359852619223,49
1317,False,-144.744469673971,49
1318,False,-76.39508422157031,49
1319,False,-101.41750293632681,49
1320,False,-131.83676702848908,49
1321,False,57.94256820143518,49
1322,False,-100.86526895849008,49
1323,False,-53.00039085677433,49
1324,False,-14.358589654899106,49
1325,False,52.19570725090601,49
1326,False,81.49694930012606,49
1327,False,-139.07457360287145,49
1328,False,-26.410273173559013,49
1329,False,20.93748603175655,49
1330,False,-51.89394694259977,49
1331,False,11.993310762989337,49
1332,False,-46.89648092056739,49
1333,False,-342.64222077949705,49
1334,False,-9.16644851225934,49
1335,False,-48.26997677306939,49
1336,False,-162.75043478120955,49
1337,False,-119.39648067844185,49
1338,False,-50.77348626290992,49
1339,False,-138.5183397801023,49
1340,False,9.806777284523818,49
1341,False,-71.21721269403915,49
1342,False,-54.50546061323729,49
1343,False,-53.87439492012486,49
1344,False,-136.0110199738863,49
1345,False,-250.66135164574467,49
1346,False,-141.35063807826725,49
1347,False,-196.7699265539465,49
1348,False,-75.01070677298812,49
1349,False,-203.76310012702044,49
1350,False,-84.63884128894848,49
1351,False,-91.71855609917537,49
1352,False,-74.53242545437979,49
1353,False,-8.795680155474617,49
1354,False,19.593798815156152,49
1355,False,-176.01257509678481,49
1356,False,-14.873616208733832,49
1357,False,-348.5472669479684,49
1358,False,-207.19617181246505,49
1359,False,-120.38407571806374,49
1360,False,-97.2892018067345,49
1361,False,-40.586174863093206,49
1362,False,-64.69742158528422,49
1363,False,-178.6087022935606,49
1364,False,-201.62782771324297,49
1365,False,79.38136384126167,49
1366,False,42.17529878690346,49
1367,False,-16.71947384824738,49
1368,False,10.62231205710675,49
1369,False,-36.79695513359401,49
1370,False,-177.48109323046253,49
1371,False,-46.166033137899085,49
1372,False,-220.89560622668606,49
1373,False,-6.053826577236762,49
1374,False,29.740763638165657,49
1375,False,-411.1481097102633,49
1376,False,18.292716694687073,49
1377,False,-12.170341347988732,49
1378,False,81.02020792245348,49
1379,False,-167.77897216386137,49
1380,False,53.86029143757408,49
1381,False,-101.8694042785547,49
1382,False,-97.41738728851294,49
1383,False,-516.9352377899231,49
1384,False,-60.8118303582514,49
1385,False,-55.19046169281637,49
1386,False,-157.94380182137772,49
1387,False,-5.38938916108761,49
1388,False,-136.1289423402629,49
1389,False,-56.37456436887949,49
1390,False,-203.66363968846846,49
1391,False,-83.41503387399302,49
1392,False,-76.10062789902824,49
1393,False,-128.89121507634056,49
1394,False,59.02513739425627,49
1395,False,-1022.5744048246993,49
1396,False,-60.099000827606886,49
1397,False,-363.7125570989093,49
1398,False,-45.39867206464688,49
1399,False,-61.34704619060136,49
1400,False,20.77317934590116,49
1401,False,8.90396270132873,49
1402,False,66.80745491941315,49
1403,False,69.50655239466386,49
1404,False,75.28290418638298,49
1405,False,-198.6200775988295,49
1406,False,-166.10364239028294,49
1407,False,-118.80740074126714,49
1408,False,-0.7132426979606237,49
1409,False,-79.07593119399957,49
1410,False,-191.89912670215818,49
1411,False,-30.600980591986676,49
1412,False,-118.32780027995928,49
1413,False,-125.81524614330311,49
1414,False,-176.88762416524432,49
1415,False,-205.36308368170302,49
1416,False,-163.55504583833323,49
1417,False,-163.6967642118008,49
1418,False,-299.7216676982782,49
1419,False,-61.41142648546943,49
1420,False,-72.19099065201786,49
1421,False,-133.0755301249775,49
1422,False,-179.23985722093965,49
1423,False,-177.56085895382643,49
1424,False,-105.69473657071163,49
1425,False,-19.302989977067988,49
1426,False,-1978.8043983655132,49
1427,False,-145.41134894091786,49
1428,False,-85.78587404890277,49
1429,False,-38.40324936340006,49
1430,False,-349.8239277886014,49
1431,False,-82.18787780671188,49
1432,False,-53.90079111591538,49
1433,False,-57.58347639508083,49
1434,False,-140.9759928780009,49
1435,False,23.487599923224824,49
1436,False,-114.2904531215151,49
1437,False,-339.20031263326507,49
1438,False,-27.08157839220931,49
1439,False,-61.287965856249855,49
1440,False,-20.042308039235678,49
1441,False,-74.47502053947203,49
1442,False,-8.712251377596147,49
1443,False,-16.562465387892743,49
1444,False,-2443.320194419895,49
1445,False,-116.15153107340416,49
1446,False,-232.22979802395474,49
1447,False,-30.646169168860673,49
1448,False,-223.62929838027756,49
1449,False,-41.23017702057476,49
1450,False,38.91401949382314,49
1451,False,-278.90749028692943,49
1452,False,8.93540090462676,49
1453,False,64.26014516994887,49
1454,False,-86.6919320304157,49
1455,False,12.180163162726988,49
1456,False,-104.97588998449737,49
1457,False,-258.4831843728365,49
1458,False,4.366562846698813,49
1459,False,-77.272160773747,49
1460,False,-51.320373114733776,49
1461,False,-112.29859966540171,49
1462,False,62.06084832995581,49
1463,False,-166.98510780388804,49
1464,False,-448.6974692149011,49
1465,False,-21.626146841399866,49
1466,False,-21.24870541163468,49
1467,False,-61.277761742105035,49
1468,False,-74.32441675407686,49
1469,False,-9.568065955333523,49
1470,False,19.35147551891068,49
1471,False,-160.7085750192572,49
1472,False,44.3991968498878,49
1473,False,-83.58354709654441,49
1474,False,-116.31510549627008,49
1475,False,-23.73379092637801,49
1476,False,-41.93167680286413,49
1477,False,-7.355056208598564,49
1478,False,34.7417815336909,49
1479,False,-58.12124259218902,49
1480,False,-359.21627707188674,49
1481,False,-47.796604625780375,49
1482,False,62.92890233078543,49
1483,False,-54.77590846014079,49
1484,False,-156.62405071418323,49
1485,False,-8.72210301049657,49
1486,False,11.714618220730685,49
1487,False,-177.2420100243928,49
1488,False,-78.62903775594884,49
1489,False,-453.90708799197887,49
1490,False,-181.1394827931493,49
1491,False,-110.11741941827734,49
1492,False,-11.8897216682122,49
1493,False,-86.76081311775035,49
1494,False,-218.0303379493974,49
1495,False,-56.21557200344246,49
1496,False,-147.99545659430927,49
1497,False,-63.34406750689875,49
1498,False,-113.7554163234334,49
1499,False,-116.09112728002265,49
1500,False,-57.2694056747616,49
1501,False,-29.375904988084017,49
1502,False,57.782728298695574,49
1503,False,-72.98630982683198,49
1504,False,-0.2227100176937422,49
1505,False,-21.553055522086158,49
1506,False,-38.37234548105127,49
1507,False,11.377238160621793,49
1508,False,-10.517257189308317,49
1509,False,-159.70375453385222,49
1510,False,-121.13053006546875,49
1511,False,-603.9850074558277,49
1512,False,-55.0922714829472,49
1513,False,-94.6178809601994,49
1514,False,-50.012449200945454,49
1515,False,-124.73098953378037,49
1516,False,-281.09718518075863,49
1517,False,60.54728611888338,49
1518,False,11.76097671647668,49
1519,False,-649.6380044861999,49
1520,False,-131.9479865770378,49
1521,False,52.24150621744919,49
1522,False,-421.4722094168427,49
1523,False,70.06305779465946,49
1524,False,-46.300644795809276,49
1525,False,13.777318009137836,49
1526,False,17.308410192024866,49
1527,False,18.34092043397763,49
1528,False,29.926688901718798,49
1529,False,-38.009339225487565,49
1530,False,-133.3317280372945,49
1531,False,20.515869177165833,49
1532,False,-84.44847101640701,49
1533,False,-35.73728535048674,49
1534,False,41.87452695319817,49
1535,False,68.53483127820286,49
1536,False,-31.246185072096367,49
1537,False,4.953314751533686,49
1538,False,-86.10938972051528,49
1539,False,-132.51183352010605,49
1540,False,-57.15830855981244,49
1541,False,29.262777878770915,49
1542,False,67.69922085487397,49
1543,False,-26.97181735232136,49
1544,False,2.6285896729156946,49
1545,False,-94.09590124555822,49
1546,False,-29.827586841662843,49
1547,False,-22.182986335191295,49
1548,False,25.698350136860313,49
1549,False,-33.37204767028092,49
1550,False,-240.19001692241227,49
1551,False,3.8276267863530578,49
1552,False,-120.69866111290082,49
1553,False,-131.81809892727193,49
1554,False,-58.850673568069936,49
1555,False,-263.82847959356104,49
1556,False,-5.5600527062458385,49
1557,False,-125.19320720339374,49
1558,False,-73.53591161967006,49
1559,False,5.0872513459385615,49
1560,False,-561.7002093915228,49
1561,False,-1.8275069241078632,49
1562,False,52.44935201933881,49
1563,False,-323.9489575556247,49
1564,False,-589.9743231026977,49
1565,False,27.106004451870437,49
1566,False,-57.872404399145864,49
1567,False,-111.60204343911033,49
1568,False,69.7397227513252,49
1569,False,-1.3676644621155258,49
1570,False,-73.062716700888,49
1571,False,-114.69658817323767,49
1572,False,-112.60248113747866,49
1573,False,-67.87188154965673,49
1574,False,-103.58654664593533,49
1575,False,-72.47619253597887,49
1576,False,-274.83114223894006,49
1577,False,51.152136629150675,49
1578,False,-154.58941962873763,49
1579,False,-111.41561260766582,49
1580,False,-87.17638006366303,49
1581,False,-52.024619247896645,49
1582,False,23.27945460023544,49
1583,False,-80.13206792979412,49
1584,False,70.65034881082012,49
1585,False,-77.6312954471653,49
1586,False,-6.050370955853611,49
1587,False,78.38966196423881,49
1588,False,-15.065254446879209,49
1589,False,-196.67841231993674,49
1590,False,59.64112406487694,49
1591,False,-29.659283066066607,49
1592,False,-11.165365948591187,49
1593,False,39.62543035694587,49
1594,False,13.6108577672561,49
1595,False,-53.48398752590709,49
1596,False,-62.26447459639412,49
1597,False,-125.85928802061423,49
1598,False,-71.32970780333486,49
1599,False,16.88833101653023,49
1600,False,-194.86651039034962,49
1601,False,15.624629917289962,49
1602,False,-48.42490432786682,49
1603,False,-71.1834132074723,49
1604,False,-240.45844080974888,49
1605,False,-24.547918560994887,49
1606,False,-11.174194115917146,49
1607,False,40.84124421320347,49
1608,False,-112.43920150865554,49
1609,False,-547.2254374447917,49
1610,False,65.44251732451539,49
1611,False,44.225867296904106,49
1612,False,3.833283896738406,49
1613,False,49.81617764144297,49
1614,False,-12.314329649033443,49
1615,False,-161.28207090439412,49
1616,False,-1638.0323896280947,49
1617,False,0.9290624849525742,49
1618,False,60.85804691501591,49
1619,False,37.5304522655683,49
1620,False,-266.87004250181565,49
1621,False,16.174301972527154,49
1622,False,-51.15831610503038,49
1623,False,-62.60466071960671,49
1624,False,28.074464931041373,49
1625,False,19.322904521471767,49
1626,False,53.91225495266556,49
1627,False,64.82641259539139,49
1628,False,-196.2610554584201,49
1629,False,-165.61974054221383,49
1630,False,0.585445626271607,49
1631,False,-48.34873838727053,49
1632,False,-36.1292388639159,49
1633,False,-11.038736557014538,49
1634,False,-19.352061232939594,49
1635,False,10.298444344426912,49
1636,False,-239.2743974393912,49
1637,False,-62.9649553835537,49
1638,False,-85.51734755187644,49
1639,False,-51.16267517548198,49
1640,False,-292.2826982995355,49
1641,False,-211.55398024265398,49
1642,False,-237.9969797337283,49
1643,False,-207.18074660967272,49
1644,False,64.00885993981905,49
1645,False,8.641348640301342,49
1646,False,14.385891517924486,49
1647,False,-94.35901371516128,49
1648,False,-84.59219309170282,49
1649,False,69.77330747342367,49
1650,False,-110.0025617768274,49
1651,False,27.80443618923656,49
1652,False,19.97415807079027,49
1653,False,-908.1895453122121,49
1654,False,-135.5813226921979,49
1655,False,-150.47186313207277,49
1656,False,-691.3590402011987,49
1657,False,-27.794636387552632,49
1658,False,-151.61390692660035,49
1659,False,16.643454944956474,49
1660,False,4.829736675745089,49
1661,False,-25.88905806442846,49
1662,False,58.84745201002189,49
1663,False,-64.26125361178606,49
1664,False,-64.24032598825207,49
1665,False,-112.25653124759225,49
1666,False,-40.50483990639871,49
1667,False,-49.77011963078315,49
1668,False,-66.68655949593165,49
1669,False,-15.070317732051656,49
1670,False,15.548401601014259,49
1671,False,-1023.5877000488343,49
1672,False,3.0826068838672445,49
1673,False,-70.63590473053341,49
1674,False,-62.9882541564484,49
1675,False,15.19348521522805,49
1676,False,-345.0937111648659,49
1677,False,-23.379895955028463,49
1678,False,-214.5147906516682,49
1679,False,44.88412019597011,49
1680,False,59.78863141103559,49
1681,False,70.54130146329994,49
1682,False,-38.016622421992885,49
1683,False,25.615438262025386,49
1684,False,-49.8950581165537,49
1685,False,-35.940956827537335,49
1686,False,37.86922235270259,49
1687,False,68.19978236252722,49
1688,False,-506.146655589216,49
1689,False,-351.54995961615913,49
1690,False,38.58795766465325,49
1691,False,-62.94128336624273,49
1692,False,-177.69806316977267,49
1693,False,-53.33159334240615,49
1694,False,-235.89411889155772,49
1695,False,56.95990561022279,49
1696,False,58.16370450505679,49
1697,False,-101.4598721032674,49
1698,False,-63.945058082266456,49
1699,False,-91.52601479430548,49
1700,False,-312.679081665592,49
1701,False,-174.0717145958437,49
1702,False,-41.097846980815696,49
1703,False,-486.3150870447622,49
1704,False,-156.57932891271665,49
1705,False,75.48652430093581,49
1706,False,-264.29474652961176,49
1707,False,-66.2751824610704,49
1708,False,-99.09849817681726,49
1709,False,-496.3941937853249,49
1710,False,-22.13625458851525,49
1711,False,-130.70849967745897,49
1712,False,55.472784193644834,49
1713,False,11.291568006985074,49
1714,False,-12.971728227724114,49
1715,False,-58.408703973342156,49
1716,False,-125.75559573142044,49
1717,False,8.6233003899236,49
1718,False,-213.83548610666602,49
1719,False,-17.839083467541798,49
1720,False,32.070513211883714,49
1721,False,-8.63644355795843,49
1722,False,46.5994073694236,49
1723,False,-23.91398902317879,49
1724,False,-40.277059742658324,49
1725,False,-65.96982918475061,49
1726,False,-393.3547260064562,49
1727,False,-32.27074976624467,49
1728,False,44.36227598202524,49
1729,False,-30.942535467877036,49
1730,False,0.11915769735293757,49
1731,False,-96.40907596350262,49
1732,False,-227.46167787644887,49
1733,False,66.89209776869164,49
1734,False,-20.04738650147963,49
1735,False,-41.329033924550224,49
1736,False,65.92394292282596,49
1737,False,-1.6732919752764772,49
1738,False,-187.524390036993,49
1739,False,-104.57483582225771,49
1740,False,24.255867600247733,49
1741,False,-407.93443721980185,49
1742,False,-91.00012056177287,49
1743,False,44.50703344203407,49
1744,False,-70.21071137409055,49
1745,False,60.16471885433504,49
1746,False,-11.10120874026827,49
1747,False,23.43098197086093,49
1748,False,24.63715648411757,49
1749,False,-60.23507186617428,49
1750,False,-128.24377323509452,49
1751,False,-216.1378652321092,49
1752,False,-21.268507132613436,49
1753,False,17.07160837142351,49
1754,False,-145.03969445756059,49
1755,False,-619.6273872803015,49
1756,False,77.4245986801165,49
1757,False,-455.46584209972207,49
1758,False,-794.66632964883,49
1759,False,-15.553574147869513,49
1760,False,49.24529485841822,49
1761,False,-6.475903625863829,49
1762,False,-96.08398099828277,49
1763,False,-431.3494519877453,49
1764,False,-177.44705392539095,49
1765,False,-207.18806794504422,49
1766,False,-70.54083369143153,49
1767,False,-282.1245497775492,49
1768,False,-23.471044347841076,49
1769,False,-242.6914774126552,49
1770,False,-7.29978518758265,49
1771,False,-150.70789781625072,49
1772,False,-5.8105633180856024,49
1773,False,-69.7050732642189,49
1774,False,25.388383285156507,49
1775,False,-61.44242319030117,49
1776,False,-180.46138223383153,49
1777,False,-2.7008193724327967,49
1778,False,-78.62067725556764,49
1779,False,-179.02069665062945,49
1780,False,-165.17105354600452,49
1781,False,22.93752393461987,49
1782,False,-132.99282237433238,49
1783,False,-198.75403404320636,49
1784,False,-157.0485240243735,49
1785,False,-72.60179911278058,49
1786,False,78.86254521561784,49
1787,False,-102.50964201251001,49
1788,False,85.00602386782919,49
1789,False,-22.78960234363592,49
1790,False,-71.79770958346265,49
1791,False,-108.53498703910657,49
1792,False,9.973422365910066,49
1793,False,-56.98670920010703,49
1794,False,-96.8233264070338,49
1795,False,-30.174065463303002,49
1796,False,20.665411635442734,49
1797,False,6.590031589381795,49
1798,False,-16.223727746017282,49
1799,False,4.697932283194664,49
1800,False,15.40901262201799,49
1801,False,2.4073424721239043,49
1802,False,-66.68635536049564,49
1803,False,60.26456542520902,49
1804,False,-201.95398386546765,49
1805,False,-525.8102599678956,49
1806,False,25.634542283451843,49
1807,False,-124.57287664270301,49
1808,False,-110.97435199306807,49
1809,False,-62.999741935053066,49
1810,False,14.732754789003604,49
1811,False,0.27489405318382865,49
1812,False,81.97019720624627,49
1813,False,-123.45667904810352,49
1814,False,-506.8118038526454,49
1815,False,-109.35192585058978,49
1816,False,-126.35525041591214,49
1817,False,-239.83805758548505,49
1818,False,-181.27858500700847,49
1819,False,5.306196748845814,49
1820,False,-31.464338190169407,49
1821,False,36.94862409437051,49
1822,False,-0.6401791659570719,49
1823,False,-94.9252591679304,49
1824,False,-119.07650152517631,49
1825,False,12.97802110089821,49
1826,False,58.4175698105449,49
1827,False,-88.74822660796903,49
1828,False,-223.74446044927552,49
1829,False,-98.66798583697613,49
1830,False,-60.010142906536814,49
1831,False,-66.80913883740621,49
1832,False,-102.35919268686243,49
1833,False,-61.41519511646109,49
1834,False,-86.28031638216329,49
1835,False,-202.7887446147829,49
1836,False,-51.44547399056427,49
1837,False,-104.26718797009343,49
1838,False,-162.44214110584147,49
1839,False,-1101.7383404856612,49
1840,False,-0.3938964790586539,49
1841,False,-58.5734675095132,49
1842,False,81.42887332141899,49
1843,False,-368.0579338556503,49
1844,False,-130.4894418185607,49
1845,False,-46.70065020630891,49
1846,False,-47.225720606797836,49
1847,False,-91.1371604943522,49
1848,False,-87.76198514683115,49
1849,False,-40.224446861933245,49
1850,False,-33.76764360152113,49
1851,False,-224.94378939072666,49
1852,False,-44.89640474080849,49
1853,False,60.76922635474713,49
1854,False,-378.2284712812731,49
1855,False,35.635096002106735,49
1856,False,84.22571501066116,49
1857,False,-60.82633057573126,49
1858,False,-101.48570986926669,49
1859,False,13.640819594665091,49
1860,False,-140.03707006623148,49
1861,False,-120.47026912741788,49
1862,False,-37.162557806618764,49
1863,False,-51.63664249396709,49
1864,False,4.293628998583079,49
1865,False,-166.10632600533958,49
1866,False,-461.0805050798001,49
1867,False,-132.39033481974386,49
1868,False,10.772229520395719,49
1869,False,-167.4303716453582,49
1870,False,-76.69162005885022,49
1871,False,36.81551299010286,49
1872,False,-83.52246647977572,49
1873,False,37.03654573050626,49
1874,False,-27.96673040395386,49
1875,False,-119.04969437735333,49
1876,False,-34.50640553076272,49
1877,False,49.63296239352294,49
1878,False,-387.995581646487,49
1879,False,-86.99834570830987,49
1880,False,-280.57333595592115,49
1881,False,-415.94518805141917,49
1882,False,32.637534329820895,49
1883,False,-74.45416869621623,49
1884,False,-520.0722489000165,49
1885,False,-70.59210564199074,49
1886,False,-482.3985190832039,49
1887,False,9.462298817802461,49
1888,False,-157.3343131804706,49
1889,False,-168.57527800400226,49
1890,False,-15.405655499456154,49
1891,False,-9.65535089743193,49
1892,False,-34.139241722447764,49
1893,False,-45.22806827210083,49
1894,False,82.28259398094974,49
1895,False,-11.414586088907395,49
1896,False,-114.15463870169222,49
1897,False,-19.599767647092925,49
1898,False,-17.28069654331155,49
1899,False,-36.215894326567955,49
1900,False,-204.13028546802195,49
1901,False,-79.59087477442361,49
1902,False,-34.90823922053353,49
1903,False,-223.1072907190607,49
1904,False,6.662420310301258,49
1905,False,13.98028440095279,49
1906,False,-184.95881280518742,49
1907,False,-26.484012572206538,49
1908,False,-75.52746310118889,49
1909,False,-888.9304353757757,49
1910,False,43.64102832001981,49
1911,False,-209.57318491749163,49
1912,False,-21.563787553584582,49
1913,False,4.470506443042168,49
1914,False,-32.800175651227335,49
1915,False,-165.94507992038862,49
1916,False,-30.222910617937014,49
1917,False,-362.75087721539603,49
1918,False,-114.74197461150763,49
1919,False,45.789755284088834,49
1920,False,49.13763132713178,49
1921,False,-57.75428799253624,49
1922,False,-17.303199100314544,49
1923,False,-34.926256700221586,49
1924,False,21.94987731955025,49
1925,False,-9.771660849829827,49
1926,False,-30.48990009943028,49
1927,False,-214.74218504497225,49
1928,False,40.842488694298964,49
1929,False,-546.2997388590095,49
1930,False,-7.085940707349877,49
1931,False,-3.7153506626957493,49
1932,False,23.811466593863802,49
1933,False,34.26973914871586,49
1934,False,-74.69044189438699,49
1935,False,41.31184011227272,49
1936,False,-125.43666720982121,49
1937,False,-47.52740155836157,49
1938,False,-145.74650937910388,49
1939,False,-132.4924651894017,49
1940,False,-102.56173193742354,49
1941,False,-332.5632991544143,49
1942,False,51.993800503115665,49
1943,False,-93.87592449775886,49
1944,False,59.78263993183767,49
1945,False,27.70862261592385,49
1946,False,-111.51320698431812,49
1947,False,-1.66519153983009,49
1948,False,-331.3923337305066,49
1949,False,-72.50376392347994,49
1950,False,55.53683521273439,49
1951,False,70.67080694105172,49
1952,False,-38.06705272682238,49
1953,False,-169.80328641509402,49
1954,False,-95.25820353552822,49
1955,False,-99.65102745315615,49
1956,False,-128.03490790119469,49
1957,False,7.490849420796135,49
1958,False,-3.3689114803700804,49
1959,False,-139.87331834028913,49
1960,False,-70.63918534617189,49
1961,False,12.113558229515306,49
1962,False,22.926898404259042,49
1963,False,25.388109816429612,49
1964,False,-33.867617386797455,49
1965,False,21.176583877267518,49
1966,False,-20.30102255102448,49
1967,False,-88.96988337197075,49
1968,False,-36.738199490220154,49
1969,False,-4.335954845390603,49
1970,False,-1272.4454487273058,49
1971,False,-14.121574521461639,49
1972,False,85.81163012584419,49
1973,False,-260.69478511403196,49
1974,False,7.927246508601124,49
1975,False,90.89603259680206,49
1976,False,-84.52938638194087,49
1977,False,15.571636541089191,49
1978,False,13.354215311253693,49
1979,False,-70.62650400437762,49
1980,False,20.320513796126363,49
1981,False,3.141365132939356,49
1982,False,-223.87122114922596,49
1983,False,3.559621118986596,49
1984,False,-95.09919103669603,49
1985,False,-15.881016760713008,49
1986,False,-3.565089831498913,49
1987,False,10.88503683378785,49
1988,False,6.613733870619136,49
1989,False,-102.89680326350923,49
1990,False,-59.70428273073783,49
1991,False,39.51108029415549,49
1992,False,-459.6926200322738,49
1993,False,41.65883987110005,49
1994,False,62.47343674105545,49
1995,False,-157.01506323045473,49
1996,False,-86.66876415487359,49
1997,False,-12.029498179676892,49
1998,False,-174.66488817882967,49
1999,False,-83.39123493185946,49
2000,False,43.94465296229859,49
2001,False,-64.68294184585307,49
2002,False,12.40022813008001,49
2003,False,-19.453462191553992,49
2004,False,1.5968413740745007,49
2005,False,-39.958740199160246,49
2006,False,-157.30066805350506,49
2007,False,-169.36434594864252,49
2008,False,-34.68614857917637,49
2009,False,-75.7176321505853,49
2010,False,-175.07480069871997,49
2011,False,-172.8505892108991,49
2012,False,-234.6450036523401,49
2013,False,-50.54410934127647,49
2014,False,-84.72341220430394,49
2015,False,-3.2873922956056045,49
2016,False,-13.52961465678003,49
2017,False,-0.5833465823088773,49
2018,False,44.65495497152913,49
2019,False,97.90198520252082,49
2020,False,-307.96380318909337,49
2021,False,44.778430227852176,49
2022,False,-396.62490415653565,49
2023,False,57.87664045506015,49
2024,False,-94.65030034999786,49
2025,False,56.72721941064699,49
2026,False,-283.5693970086529,49
2027,False,-10.60158083058158,49
2028,False,-21.582773876206556,49
2029,False,21.005170320194622,49
2030,False,-5.515019022850879,49
2031,False,-175.31094975575127,49
2032,False,58.280571802285394,49
2033,False,-324.92200395982536,49
2034,False,-31.25000438876617,49
2035,False,-43.66034765190615,49
2036,False,-43.27798456153623,49
2037,False,-85.81184491810538,49
2038,False,52.210656810789914,49
2039,False,-195.34658114673823,49
2040,False,-98.29062627079175,49
2041,False,-172.35378824823937,49
2042,False,-89.28958757247796,49
2043,False,33.69180266459291,49
2044,False,-131.13296091309317,49
2045,False,28.559929379770875,49
2046,False,-38.18491340310095,49
2047,False,-26.051547465326273,49
2048,False,-105.36284838644197,49
2049,False,-253.68729628569025,49
2050,False,-144.70486584566032,49
2051,False,7.068682134753871,49
2052,False,49.65005961894121,49
2053,False,-62.99482753849861,49
2054,False,-59.480905632257134,49
2055,False,-129.46359149186105,49
2056,False,-128.23137345999424,49
2057,False,-130.0105101585079,49
2058,False,-56.7755086583232,49
2059,False,-72.18717065675692,49
2060,False,97.71639149181709,49
2061,False,-297.90511966049735,49
2062,False,-17.327809937925345,49
2063,False,43.3475046025972,49
2064,False,-20.133882235507052,49
2065,False,-78.22480077007327,49
2066,False,-89.69465025499169,49
2067,False,-116.49497397458606,49
2068,False,-180.27505472264642,49
2069,False,-22.63489877294019,49
2070,False,-25.857974612792678,49
2071,False,-98.9571449935334,49
2072,False,13.10682072323787,49
2073,False,-46.39452751486235,49
2074,False,50.34275383253436,49
2075,False,-106.04537587847233,49
2076,False,-22.70687202079895,49
2077,False,116.267923725146,49
2078,False,-75.00546922049945,49
2079,False,54.91643830821211,49
2080,False,97.80389959156989,49
2081,False,-68.24006333284676,49
2082,False,6.989056552439232,49
2083,False,-65.2719213897498,49
2084,False,-84.97778969348862,49
2085,False,9.544083108431565,49
2086,False,-173.60061648427524,49
2087,False,-97.58408646875586,49
2088,False,3.4018282629409775,49
2089,False,-38.043574235982774,49
2090,False,-791.4837060025648,49
2091,False,-212.7261207865914,49
2092,False,-23.152794565446147,49
2093,False,-46.924505881474715,49
2094,False,-94.36134117860239,49
2095,False,80.48739002524792,49
2096,False,-122.50644674625738,49
2097,False,-13.538288947989528,49
2098,False,-80.13028161093101,49
2099,False,-40.986906423347236,49
2100,False,-142.20998490397346,49
2101,False,42.19352835136216,49
2102,False,-43.11766919614351,49
2103,False,77.55417708534893,49
2104,False,52.34914259137656,49
2105,False,-474.3351471074066,49
2106,False,-123.8977232741552,49
2107,False,30.13377466894513,49
2108,False,-389.73998473759445,49
2109,False,-81.30008003959364,49
2110,False,-172.72571969834996,49
2111,False,38.07396058958392,49
2112,False,-75.86274393536075,49
2113,False,6.8946527475440575,49
2114,False,-68.95422759628363,49
2115,False,-223.42056906327844,49
2116,False,-131.86400575121996,49
2117,False,-147.42681035900287,49
2118,False,-61.865023568349635,49
2119,False,-139.70012573147775,49
2120,False,94.2722194246167,49
2121,False,-83.70791934901786,49
2122,False,55.5288769564396,49
2123,False,-69.98634308471071,49
2124,False,-88.66400906022173,49
2125,False,-137.71098330418062,49
2126,False,-68.98506758116584,49
2127,False,-104.78320491766306,49
2128,False,22.746065334165085,49
2129,False,-52.65933016422961,49
2130,False,48.685637585261034,49
2131,False,-89.35909727104347,49
2132,False,73.77245764706235,49
2133,False,58.244691211879264,49
2134,False,-25.649781905196697,49
2135,False,-138.2776115000507,49
2136,False,43.32376966362072,49
2137,False,-132.34541903260458,49
2138,False,14.927169865009049,49
2139,False,-145.06905296546995,49
2140,False,16.767853401104674,49
2141,False,32.28418483763836,49
2142,False,84.46702246125082,49
2143,False,43.501633906945344,49
2144,False,26.928367839862826,49
2145,False,30.348657155821805,49
2146,False,4.914746998134369,49
2147,False,3.8354856066957774,49
2148,False,-19.309270130629546,49
2149,False,82.06051817915763,49
2150,False,-209.78532160572178,49
2151,False,-24.30096667843661,49
2152,False,7.192409113607873,49
2153,False,-94.78194976852076,49
2154,False,60.225243797765216,49
2155,False,-87.20892678434285,49
2156,False,-89.0451448267311,49
2157,False,-291.60096758323095,49
2158,False,-15.764567421706023,49
2159,False,-425.6017709077898,49
2160,False,-12.239013838392395,49
2161,False,-190.71895413560935,49
2162,False,56.14614998242604,49
2163,False,-139.50964008286957,49
2164,False,43.892274228895886,49
2165,False,29.05885104066726,49
2166,False,-2108.6582796354774,49
2167,False,-230.25580118899924,49
2168,False,-73.73461745147796,49
2169,False,-14.661606755621037,49
2170,False,47.9589013985944,49
2171,False,-112.05755662299195,49
2172,False,-94.31416108957754,49
2173,False,-68.32722066066495,49
2174,False,-126.38506692454648,49
2175,False,-88.28831346723395,49
2176,False,-33.18048050431034,49
2177,False,-194.3304787284652,49
2178,False,-100.20378937523509,49
2179,False,-27.04094550059885,49
2180,False,-4.4801441799211545,49
2181,False,16.995111414562274,49
2182,False,-48.62966773717448,49
2183,False,-32.000456933611474,49
2184,False,-126.07264602924862,49
2185,False,-53.55094891054134,49
2186,False,-131.8229122945438,49
2187,False,2.1224435922947027,49
2188,False,-47.75318751002209,49
2189,False,-49.11029627869347,49
2190,False,-8.722155679924022,49
2191,False,-21.782655577450775,49
2192,False,-61.57620186843814,49
2193,False,-57.72705849441334,49
2194,False,17.757284682029027,49
2195,False,8.654896798690656,49
2196,False,73.72104310613794,49
2197,False,-43.648893809059004,49
2198,False,24.9361390870017,49
2199,False,-12.044302461556192,49
2200,False,-230.92563482721263,49
2201,False,-142.95473118632685,49
2202,False,-1.5395693389138967,49
2203,False,8.39346117576361,49
2204,False,24.57306369463889,49
2205,False,-273.63511106177356,49
2206,False,-280.5563901831541,49
2207,False,-87.88303087756059,49
2208,False,16.7960943009536,49
2209,False,10.124675726789073,49
2210,False,-44.8280302427129,49
2211,False,-31.263233538558836,49
2212,False,60.957547591575874,49
2213,False,-248.93951679066535,49
2214,False,-402.30683770791416,49
2215,False,6.450019665466996,49
2216,False,41.08890627925807,49
2217,False,-12.427790743261411,49
2218,False,94.11352589326908,49
2219,False,1.445545967709716,49
2220,False,-190.52808323359838,49
2221,False,-33.04194799709025,49
2222,False,73.80641119903598,49
2223,False,-834.5593387484549,49
2224,False,-26.87901139546824,49
2225,False,-258.8548442466536,49
2226,False,103.44005052761935,49
2227,False,72.63854048793894,49
2228,False,91.08316742966228,49
2229,False,5.989126567190106,49
2230,False,40.78132392132571,49
2231,False,-45.29807755238913,49
2232,False,-90.01019788111475,49
2233,False,-40.95233622188024,49
2234,False,-167.2195007551004,49
2235,False,-10.046635432183427,49
2236,False,-90.0784870810925,49
2237,False,-24.857728200771497,49
2238,False,-179.94285897773977,49
2239,False,-74.76591331298445,49
2240,False,-295.0958194952853,49
2241,False,-33.76457146521354,49
2242,False,49.81437612204769,49
2243,False,-45.68330715883239,49
2244,False,-53.38359061152847,49
2245,False,-38.35836323476333,49
2246,False,-99.99645094339239,49
2247,False,60.76840236338305,49
2248,False,-46.189472446764576,49
2249,False,-20.8113144094689,49
2250,False,83.86099335662257,49
2251,False,-1186.0627228460155,49
2252,False,78.78430032510819,49
2253,False,-30.699646632264837,49
2254,False,-1.6101247136270693,49
2255,False,54.287110759095896,49
2256,False,36.86602665771951,49
2257,False,80.03757682704165,49
2258,False,5.464211211182812,49
2259,False,58.9547341057649,49
2260,False,-173.84255636034143,49
2261,False,-271.9373492684982,49
2262,False,3.024100201867313,49
2263,False,-86.00141833318018,49
2264,False,-87.69936733237202,49
2265,False,-92.82728273474349,49
2266,False,-166.26660785106165,49
2267,False,-27.282889863355162,49
2268,False,-101.87174811816085,49
2269,False,3.2225197693255936,49
2270,False,-19.005911155532086,49
2271,False,-19.515708249126344,49
2272,False,-282.3657806712116,49
2273,False,-75.24894535843173,49
2274,False,-88.86413714638496,49
2275,False,68.5623604340251,49
2276,False,52.546915190674355,49
2277,False,-1064.0989762058732,49
2278,False,60.250010187306344,49
2279,False,-57.51505486232908,49
2280,False,-43.10818196507208,49
2281,False,10.54742020242842,49
2282,False,-103.45330428797767,49
2283,False,-25.79475089331978,49
2284,False,0.3811611601289049,49
2285,False,-304.620701567582,49
2286,False,-220.4247070350857,49
2287,False,-205.85010119441705,49
2288,False,-2.5005573312796194,49
2289,False,-76.10885605901134,49
2290,False,-68.26684730918693,49
2291,False,-35.41765758144144,49
2292,False,25.790350397388934,49
2293,False,-140.8519208798917,49
2294,False,10.009622841128571,49
2295,False,-17.720347008392345,49
2296,False,-84.16807341993251,49
2297,False,105.30100568150299,49
2298,False,37.19642968012042,49
2299,False,2.3406137535560845,49
2300,False,37.14362628922895,49
2301,False,21.552527627088878,49
2302,False,-152.62402350524124,49
2303,False,-213.37131535242946,49
2304,False,-15.785272508733122,49
2305,False,-174.1684713743109,49
2306,False,-76.99060722886477,49
2307,False,5.233321003179036,49
2308,False,44.11129751176847,49
2309,False,8.589805941594372,49
2310,False,8.919339231148939,49
2311,False,-129.40841761661375,49
2312,False,39.847736930554596,49
2313,False,-22.85212108646,49
2314,False,-74.65881249226109,49
2315,False,48.95454803379076,49
2316,False,7.739134493808786,49
2317,False,-35.4017976964863,49
2318,False,-42.797914149564185,49
2319,False,-144.69017242087676,49
2320,False,-149.52050066657605,49
2321,False,-21.358394380397485,49
2322,False,48.73497341373624,49
2323,False,-29.76258780609136,49
2324,False,-2.858389573679524,49
2325,False,-71.76959559217447,49
2326,False,-21.3168582997547,49
2327,False,6.148571584807415,49
2328,False,-421.0994800611901,49
2329,False,-34.1958720350052,49
2330,False,-70.00769638080536,49
2331,False,74.74106061264663,49
2332,False,-71.83600575955515,49
2333,False,-116.24595415687301,49
2334,False,-137.92200312196064,49
2335,False,7.571656376327724,49
2336,False,-33.24831105434633,49
2337,False,-79.23753314972782,49
2338,False,-34.68596862663544,49
2339,False,-292.2852876962277,49
2340,False,95.24603331927335,49
2341,False,79.02170234487278,49
2342,False,16.90500599701086,49
2343,False,66.00524722076176,49
2344,False,-53.45819980371823,49
2345,False,36.82104994650332,49
2346,False,5.302488276511276,49
2347,False,-42.84431950659426,49
2348,False,83.35139870269107,49
2349,False,-353.9445149695506,49
2350,False,-35.34671899654636,49
2351,False,-0.0454508231921551,49
2352,False,11.778799183396114,49
2353,False,-55.5607209795524,49
2354,False,71.54864160737307,49
2355,False,13.336513784771498,49
2356,False,76.33649187290263,49
2357,False,-46.97171953893779,49
2358,False,-35.698533962172334,49
2359,False,16.84376997903523,49
2360,False,-152.63702507333167,49
2361,False,22.037930596618608,49
2362,False,-13.756699059875473,49
2363,False,91.97350643785974,49
2364,False,66.39814047395092,49
2365,False,52.307793301892815,49
2366,False,35.82602273591402,49
2367,False,-426.0144270560347,49
2368,False,25.432614860109766,49
2369,False,-127.17402665053305,49
2370,False,-218.84036131812596,49
2371,False,-16.176363259132767,49
2372,False,-30.77433793064317,49
2373,False,44.16041508981476,49
2374,False,57.98740908721884,49
2375,False,-35.106998043458624,49
2376,False,-142.20576403930215,49
2377,False,51.664764484669874,49
2378,False,-29.933643349407784,49
2379,False,27.770732497318036,49
2380,False,-29.07033198922725,49
2381,False,27.53777519593492,49
2382,False,37.33841148688671,49
2383,False,63.893139536612125,49
2384,False,-67.12060775479186,49
2385,False,-56.118777753645354,49
2386,False,-12.783058336927178,49
2387,False,-354.9832142646274,49
2388,False,40.4006877593481,49
2389,False,40.81271504196046,49
2390,False,77.25364111007275,49
2391,False,-148.9449892140879,49
2392,False,-8.724629931748673,49
2393,False,38.77139902501384,49
2394,False,9.38823607142152,49
2395,False,92.39665615203234,49
2396,False,98.05055863790307,49
2397,False,-40.37456286214749,49
2398,False,3.98914505341466,49
2399,False,-31.68331292838437,49
2400,False,46.58414782212506,49
2401,False,50.08189500033711,49
2402,False,25.97275035860124,49
2403,False,29.291032720310138,49
2404,False,-55.759271090803594,49
2405,False,42.605810736373755,49
2406,False,35.190877204799065,49
2407,False,90.7806170509613,49
2408,False,53.70441926801017,49
2409,False,24.54251234203961,49
2410,False,13.526455923969372,49
2411,False,-155.3335347085464,49
2412,False,72.30639565796773,49
2413,False,-105.06666762486367,49
2414,False,38.05884967275525,49
2415,False,43.0204977772158,49
2416,False,57.31334053874646,49
2417,False,48.32742164686662,49
2418,False,13.803765098462137,49
2419,False,-45.24961597380015,49
2420,False,-16.62560174636172,49
2421,False,-243.5201750827452,49
2422,False,31.582345036113836,49
2423,False,53.37280483973362,49
2424,False,43.3810743323998,49
2425,False,47.03952969523725,49
2426,False,21.553377804079506,49
2427,False,7.231646351646134,49
2428,False,52.19179719345732,49
2429,False,54.63343044309647,49
2430,False,-84.94668519881085,49
2431,False,31.710442974591768,49
2432,False,7.721641534703139,49
2433,False,79.07469357794511,49
2434,False,-110.85314976949871,49
2435,False,77.85115179955478,49
2436,False,-33.463714876865396,49
2437,False,-219.93450208392713,49
2438,False,58.79200318462014,49
2439,False,78.46492160687797,49
2440,False,7.824933090016453,49
2441,False,68.08980616757368,49
2442,False,55.67056954754952,49
2443,False,32.18394042670767,49
2444,False,7.507305226458175,49
2445,False,86.53101852388231,49
2446,False,3.3040654885058194,49
2447,False,107.90284657441428,49
2448,False,36.45135114342327,49
2449,False,77.24277696339342,49
2450,False,-79.65804095200377,49
2451,False,45.03223731838373,49
2452,False,-65.69168969069392,49
2453,False,-73.51379691089907,49
2454,False,-127.70679081383099,49
2455,False,-166.61860025871744,49
2456,False,-70.50947307209373,49
2457,False,-41.627177920482495,49
2458,False,33.46451665185651,49
2459,False,-45.22319545943115,49
2460,False,-286.1615274885202,49
2461,False,61.70228964991873,49
2462,False,84.01585466938994,49
2463,False,23.994615683986346,49
2464,False,-35.73207425292364,49
2465,False,17.605194510973682,49
2466,False,-99.78612449686611,49
2467,False,54.97899282850299,49
2468,False,-110.75772672231592,49
2469,False,87.93135061589294,49
2470,False,-109.5059052592143,49
2471,False,90.84526069877258,49
2472,False,29.63225385859734,49
2473,False,30.043631475234434,49
2474,False,-19.91380951006802,49
2475,False,-35.29204948275847,49
2476,False,-169.636245052036,49
2477,False,6.049533997433656,49
2478,False,-50.476623212611656,49
2479,False,83.0602146496293,49
2480,False,-120.39015724333069,49
2481,False,24.310455614639142,49
2482,False,23.134048119350467,49
2483,False,-77.45816792787153,49
2484,False,0.9049791457334138,49
2485,False,56.79862979744219,49
2486,False,-126.36250777265884,49
2487,False,-45.58574555422055,49
2488,False,40.57702735668257,49
2489,False,-67.14246219500438,49
2490,False,-69.10519998711908,49
2491,False,-22.71982629553633,49
2492,False,43.621479227784285,49
2493,False,-19.850982063096733,49
2494,False,81.94670093406313,49
2495,False,30.92155578922369,49
2496,False,103.22290498512555,49
2497,False,-0.6322413040878843,49
2498,False,-58.21629315832519,49
2499,False,5.79095089207308,49
2500,False,-15.785641896329878,49
2501,False,3.0624454582174607,49
2502,False,-3.113600211290215,49
2503,False,45.11731630133236,49
2504,False,-96.26255268410904,49
2505,False,68.8513140670416,49
2506,False,6.918538073314558,49
2507,False,60.20857467629561,49
2508,False,-168.8104991461964,49
2509,False,-93.10254066449329,49
2510,False,75.07178579525636,49
2511,False,-25.14561249871619,49
2512,False,-48.167741812273604,49
2513,False,-40.54011490882962,49
2514,False,-40.99771662410779,49
2515,False,15.36072037285484,49
2516,False,63.378197196731904,49
2517,False,-42.260177669232895,49
2518,False,61.25320771863693,49
2519,False,-24.983043906242003,49
2520,False,-56.854847668207896,49
2521,False,61.75069632372653,49
2522,False,-43.04876200871212,49
2523,False,-30.95020326074603,49
2524,False,42.230619543110485,49
2525,False,23.260086886221934,49
2526,False,78.2302621494944,49
2527,False,-74.69961123075603,49
2528,False,4.937796535468083,49
2529,False,-180.17777107861835,49
2530,False,75.94498291975677,49
2531,False,-90.24870321515515,49
2532,False,3.4790948023711223,49
2533,False,-120.93363414264093,49
2534,False,99.45493792055709,49
2535,False,70.23036050807508,49
2536,False,61.125832518474645,49
2537,False,-88.53076781050514,49
2538,False,-4.97651992607409,49
2539,False,-39.670312230907854,49
2540,False,67.42757505240434,49
2541,False,17.28373419454283,49
2542,False,-197.53326104692638,49
2543,False,-118.9490177901085,49
2544,False,-13.94724511395886,49
2545,False,-64.57127696255891,49
2546,False,74.92604176673362,49
2547,False,-93.2014295423749,49
2548,False,38.63483354276782,49
2549,False,-28.16632019588451,49
2550,False,-219.01325300297293,49
2551,False,-31.818339034590963,49
2552,False,98.08326441637267,49
2553,False,11.239705987881742,49
2554,False,27.27894172349046,49
2555,False,22.05825525108599,49
2556,False,27.70257563824081,49
2557,False,-87.89644764152567,49
2558,False,39.21621330783672,49
2559,False,-46.73064895643974,49
2560,False,-52.16688270719661,49
2561,False,31.554045105952156,49
2562,False,46.389427352102324,49
2563,False,33.04588430680897,49
2564,False,91.27810087972757,49
2565,False,-308.46998078113626,49
2566,False,13.151814606845893,49
2567,False,50.79962107387468,49
2568,False,-69.790652670988,49
2569,False,81.41802143266179,49
2570,False,19.512357661068517,49
2571,False,-58.127905745778094,49
2572,False,49.20788820765091,49
2573,False,31.732464411902363,49
2574,False,14.979236309394103,49
2575,False,6.457749166112926,49
2576,False,-39.69851456209051,49
2577,False,43.381053370897575,49
2578,False,48.5702698574118,49
2579,False,82.97981930585914,49
2580,False,-16.04427614170538,49
2581,False,-23.056959914309374,49
2582,False,73.2473224806638,49
2583,False,10.609968286742955,49
2584,False,94.51990241251048,49
2585,False,-28.51993021385894,49
2586,False,77.42390580051493,49
2587,False,11.675300480184944,49
2588,False,-1118.3049818702884,49
2589,False,55.93046594180654,49
2590,False,32.443881529990094,49
2591,False,-23.001226941138306,49
2592,False,-128.13468717804534,49
2593,False,-122.67877427465186,49
2594,False,-366.3557615200633,49
2595,False,72.7113829738655,49
2596,False,22.821893128865213,49
2597,False,29.04151571433971,49
2598,False,85.03162927731366,49
2599,False,7.2824786670025325,49
2600,False,31.156571649616854,49
2601,False,-107.81997951578069,49
2602,False,-364.14445600637043,49
2603,False,-267.3180727434495,49
2604,False,23.634939541174944,49
2605,False,70.66339999574194,49
2606,False,87.20460127862694,49
2607,False,11.110263363302167,49
2608,False,37.3311725875991,49
2609,False,-33.16109962476944,49
2610,False,-29.399075791775466,49
2611,False,-62.962431422206556,49
2612,False,65.82422472071175,49
2613,False,-66.69715953378054,49
2614,False,19.768618165457582,49
2615,False,-29.14608355789609,49
2616,False,28.15313260753823,49
2617,False,-12.876512525939066,49
2618,False,-473.19306973207097,49
2619,False,-84.9023678997699,49
2620,False,2.7004754389301695,49
2621,False,-74.30812915048969,49
2622,False,-8.560764740841872,49
2623,False,-59.64147403629438,49
2624,False,-102.67024513748922,49
2625,False,21.916318838681914,49
2626,False,25.82946825419,49
2627,False,2.4947202078448854,49
2628,False,66.84987760359763,49
2629,False,-47.7304123483449,49
2630,False,79.1405128839673,49
2631,False,-152.91844775851627,49
2632,False,39.726466458847085,49
2633,False,69.30982398947594,49
2634,False,43.13021218037717,49
2635,False,-111.46152108259808,49
2636,False,-99.54309202112472,49
2637,False,-21.040497071155748,49
2638,False,-23.111924329921337,49
2639,False,5.570552695507759,49
2640,False,-5.611368855318471,49
2641,False,33.52223312747496,49
2642,False,60.45438567230481,49
2643,False,-50.5815946554886,49
2644,False,-26.37107321319006,49
2645,False,-13.47787284185136,49
2646,False,11.309882054077713,49
2647,False,25.889244554988274,49
2648,False,-307.6685865617503,49
2649,False,46.00581505677376,49
2650,False,-79.50622173961918,49
2651,False,59.88812966912691,49
2652,False,72.90994670805816,49
2653,False,31.713108265352567,49
2654,False,-25.836140346213064,49
2655,False,38.167595881551456,49
2656,False,13.659316228770894,49
2657,False,-5.085244541005416,49
2658,False,90.46097221059854,49
2659,False,45.13815505957428,49
2660,False,36.07913512992512,49
2661,False,1.4609433098693838,49
2662,False,-32.59534779846034,49
2663,False,44.26137105499028,49
2664,False,-117.30685115979013,49
2665,False,28.467773731730937,49
2666,False,-14.263484998647847,49
2667,False,48.51971425644181,49
2668,False,69.85906005113439,49
2669,False,39.33285321925955,49
2670,False,-125.10565887094297,49
2671,False,35.77876576332347,49
2672,False,87.08301025288931,49
2673,False,-12.110398325228694,49
2674,False,-2.699587431993848,49
2675,False,44.7970809850669,49
2676,False,-100.32874480509855,49
2677,False,46.773334177223546,49
2678,False,24.566551580538906,49
2679,False,56.64073972684065,49
2680,False,97.07055473328504,49
2681,False,94.57133576388435,49
2682,False,32.507115645735546,49
2683,False,-50.99961644120778,49
2684,False,72.73360980495761,49
2685,False,-64.47824949422713,49
2686,False,-117.10900211139428,49
2687,False,-14.410270796240534,49
2688,False,22.67205286139314,49
2689,False,-190.80761112623856,49
2690,False,110.83006782863805,49
2691,False,47.306485786386894,49
2692,False,73.90807242656032,49
2693,False,92.5503651799043,49
2694,False,66.85870428978077,49
2695,False,39.86671355350168,49
2696,False,-144.41944342725623,49
2697,False,93.87875974350436,49
2698,False,55.304555793390975,49
2699,False,-60.62799978045484,49
2700,False,41.97404158278894,49
2701,False,27.24476429039077,49
2702,False,5.00801043399975,49
2703,False,-54.970078400746786,49
2704,False,56.32244335569222,49
2705,False,96.80382133159591,49
2706,False,55.12483674172657,49
2707,False,28.160596915083794,49
2708,False,58.04878080191986,49
2709,False,82.63115181374978,49
2710,False,49.91073029868073,49
2711,False,-69.35614255692053,49
2712,False,58.67576367220333,49
2713,False,-11.209847477591913,49
2714,False,86.2951780057978,49
2715,False,47.70848388422019,49
2716,False,-61.91005693374638,49
2717,False,-77.21466774558746,49
2718,False,-17.882825320434442,49
2719,False,-156.9639785935861,49
2720,False,85.08001737854096,49
2721,False,-123.33911852302816,49
2722,False,-48.27840094039994,49
2723,False,57.06823984044924,49
2724,False,-58.15523628269901,49
2725,False,-72.27137235520584,49
2726,False,52.89703555675766,49
2727,False,24.696419067774215,49
2728,False,36.18429352054301,49
2729,False,-4.447425641201175,49
2730,False,47.60200719698748,49
2731,False,62.01447590204382,49
2732,False,-116.37416213895447,49
2733,False,-28.37623335803665,49
2734,False,24.413199541336734,49
2735,False,79.22757252807797,49
2736,False,36.906852066377695,49
2737,False,75.08252464536503,49
2738,False,41.79763490746811,49
2739,False,83.49733238360614,49
2740,False,36.47480433459326,49
2741,False,23.186872467096787,49
2742,False,15.444001005723363,49
2743,False,-28.121907391096453,49
2744,False,20.725679814034066,49
2745,False,31.153228896968578,49
2746,False,32.18408884435863,49
2747,False,37.73063685915499,49
2748,False,59.53619125834686,49
2749,False,28.048381741622066,49
2750,False,-0.14799065570272774,49
2751,False,15.685645634044057,49
2752,False,-314.8000538870548,49
2753,False,27.831900197772708,49
2754,False,90.16328609463618,49
2755,False,71.24621735629307,49
2756,False,4.987373639747471,49
2757,False,-19.94451710352979,49
2758,False,-194.8922113885106,49
2759,False,-15.565748643807055,49
2760,False,6.51394830439262,49
2761,False,-28.498444208542015,49
2762,False,-50.07566399179258,49
2763,False,-94.71940671918253,49
2764,False,24.47940645211883,49
2765,False,-67.82762938999683,49
2766,False,-11.789698137054636,49
2767,False,77.92671700854939,49
2768,False,-114.20821342245097,49
2769,False,19.858105879731994,49
2770,False,-5.140891897128348,49
2771,False,16.108605315070033,49
2772,False,60.23120424924453,49
2773,False,-66.03455640920888,49
2774,False,8.957408932863007,49
2775,False,-14.469486322633692,49
2776,False,-165.73381669297817,49
2777,False,-68.77441930507877,49
2778,False,111.12443130799865,49
2779,False,112.23482807630344,49
2780,False,-218.80588294430683,49
2781,False,-100.44857242015416,49
2782,False,5.956557507325211,49
2783,False,77.25428952015804,49
2784,False,-14.823487722637065,49
2785,False,64.95263924959892,49
2786,False,65.93615919171185,49
2787,False,-6.8967112513516575,49
2788,False,1.1587002921082323,49
2789,False,-85.05945666639752,49
2790,False,27.093966999337397,49
2791,False,71.1197855125223,49
2792,False,66.2121460279304,49
2793,False,40.181494602216745,49
2794,False,10.64959664041069,49
2795,False,44.25012023353397,49
2796,False,21.753136220437952,49
2797,False,-90.98199899040245,49
2798,False,27.820148957801443,49
2799,False,-353.0992792132942,49
2800,False,41.642416947003724,49
2801,False,75.86917603473903,49
2802,False,17.196538882665525,49
2803,False,-5.6837247257108885,49
2804,False,-77.22448142491942,49
2805,False,24.765820495740435,49
2806,False,87.71835311618727,49
2807,False,98.97650909421104,49
2808,False,-275.4553965071859,49
2809,False,81.06792919658113,49
2810,False,-33.188609909759236,49
2811,False,-56.81687204466879,49
2812,False,41.619671743304465,49
2813,False,-64.29673154037988,49
2814,False,63.593452373207924,49
2815,False,110.1486238695438,49
2816,False,35.068273404351295,49
2817,False,-112.99080010725957,49
2818,False,98.80066679178647,49
2819,False,16.39200598323425,49
2820,False,-76.24634670797488,49
2821,False,8.05525575699945,49
2822,False,77.45351814794009,49
2823,False,65.02325499961665,49
2824,False,-57.87306850511355,49
2825,False,14.50452918395713,49
2826,False,-15.879442405236588,49
2827,False,57.37675129127126,49
2828,False,73.84447433019398,49
2829,False,101.50269271398365,49
2830,False,87.6523670646355,49
2831,False,112.83560626066185,49
2832,False,41.01339152722011,49
2833,False,91.62636926216055,49
2834,False,14.418593019361037,49
2835,False,64.29728640946007,49
2836,False,-78.85097446328079,49
2837,False,65.19049764531734,49
2838,False,84.54696159253531,49
2839,False,59.47024904086062,49
2840,False,53.817301628741475,49
2841,False,69.8130362668403,49
2842,False,71.39122289249512,49
2843,False,28.273538388223447,49
2844,False,-75.86718952138673,49
2845,False,46.62452615468153,49
2846,False,15.625473433202757,49
2847,False,23.86072216926809,49
2848,False,77.05784225826491,49
2849,False,36.14121225146368,49
2850,False,86.55213498986541,49
2851,False,63.93369495648855,49
2852,False,-25.26554483684486,49
2853,False,82.15493503399615,49
2854,False,96.33171755651675,49
2855,False,-60.99312097181171,49
2856,False,29.006580665116516,49
2857,False,-42.12769240504478,49
2858,False,52.474563268156196,49
2859,False,-74.1203718277213,49
2860,False,58.36399553954418,49
2861,False,-44.1598395794818,49
2862,False,26.222954444256143,49
2863,False,49.32306225370486,49
2864,False,87.17048752086218,49
2865,False,45.509753377745085,49
2866,False,-23.063428976512714,49
2867,False,-123.76440600887393,49
2868,False,71.65324044347727,49
2869,False,33.85023644369208,49
2870,False,33.012957193744484,49
2871,False,69.47102741170262,49
2872,False,85.68612232888754,49
2873,False,57.49333924103772,49
2874,False,62.56387967251508,49
2875,False,37.03038007835412,49
2876,False,-40.02000337108718,49
2877,False,82.4398346738096,49
2878,False,41.46137169695412,49
2879,False,52.76319887955832,49
2880,False,-260.383617618966,49
2881,False,72.37830091762189,49
2882,False,-152.81995705787796,49
2883,False,88.70983120754563,49
2884,False,23.424433845543383,49
2885,False,81.60627740013584,49
2886,False,21.49245511276731,49
2887,False,52.91668663696531,49
2888,False,109.73669301610447,49
2889,False,-4.217009651587944,49
2890,False,71.22966938488933,49
2891,False,109.74359796887651,49
2892,False,62.770253090317254,49
2893,False,15.802900276854771,49
2894,False,103.17704530278715,49
2895,False,-7.246539465343197,49
2896,False,53.48989436991286,49
2897,False,102.65502234574397,49
2898,False,1.590913010456127,49
2899,False,40.17519899359135,49
2900,False,99.81088584316963,49
2901,False,90.7618388250188,49
2902,False,77.07835796905164,49
2903,False,72.41744964093999,49
2904,False,-79.97673322063612,49
2905,False,6.336904643554796,49
2906,False,-493.0140948689166,49
2907,False,34.30758900848822,49
2908,False,-44.71684804210855,49
2909,False,57.42923254238906,49
2910,False,71.80851118610136,49
2911,False,70.17886987356152,49
2912,False,71.71818599309083,49
2913,False,23.22183761930369,49
2914,False,1.2963688552357837,49
2915,False,-54.80832088911636,49
2916,False,49.1335280845632,49
2917,False,63.63515328268724,49
2918,False,9.875305825779973,49
2919,False,67.67129988917941,49
2920,False,-245.0783895202577,49
2921,False,50.40804295935895,49
2922,False,-20.58306132987384,49
2923,False,52.57863747742035,49
2924,False,88.92372178752245,49
2925,False,-61.61182760971443,49
2926,False,-163.67680445456256,49
2927,False,1.630608938369999,49
2928,False,-251.57294243271963,49
2929,False,57.70975362165911,49
2930,False,84.67727389793212,49
2931,False,90.00526437402357,49
2932,False,-16.342958479309885,49
2933,False,73.85940245245703,49
2934,False,13.810803230556722,49
2935,False,37.79101258138094,49
2936,False,75.48887783950539,49
2937,False,40.32876303491861,49
2938,False,-3.7673987325832456,49
2939,False,-183.33385616878536,49
2940,False,56.71107289847188,49
2941,False,-58.03612481474744,49
2942,False,71.70933447651836,49
2943,False,-127.88674617446178,49
2944,False,107.35441052223209,49
2945,False,7.395250884440852,49
2946,False,50.94167678259092,49
2947,False,36.66833704206421,49
2948,False,-251.6427738014416,49
2949,False,-27.24394753510208,49
2950,False,-87.00559697460051,49
2951,False,74.74336729320082,49
2952,False,-66.88349746359977,49
2953,False,26.962223665305174,49
2954,False,65.93487855431039,49
2955,False,94.2507667281825,49
2956,False,-4.816097672753955,49
2957,False,-11.133032719141,49
2958,False,79.04046345278755,49
2959,False,84.41770434454479,49
2960,False,87.08415947431746,49
2961,False,71.1171629285703,49
2962,False,-215.57177146228008,49
2963,False,40.29476762076844,49
2964,False,-36.09384041728359,49
2965,False,43.578899165706986,49
2966,False,7.465375149407201,49
2967,False,51.226507893536386,49
2968,False,54.54899962745613,49
2969,False,70.88666565837366,49
2970,False,51.51667898670174,49
2971,False,-40.62239848826579,49
2972,False,71.65135521615417,49
2973,False,27.603717650801492,49
2974,False,29.01430220407294,49
2975,False,-448.5045143950496,49
2976,False,75.57055674064165,49
2977,False,20.596114958408947,49
2978,False,69.80988655680947,49
2979,False,73.85650352299062,49
2980,False,47.59846270399093,49
2981,False,-85.53371030047526,49
2982,False,-25.348622822126266,49
2983,False,-49.10591499515905,49
2984,False,43.56859491633756,49
2985,False,65.95128773042124,49
2986,False,-65.49969100623858,49
2987,False,22.820681536845704,49
2988,False,69.65947661648678,49
2989,False,12.68618355500344,49
2990,False,98.2400817214006,49
2991,False,-30.987439812316644,49
2992,False,16.75072484048768,49
2993,False,13.7178287613485,49
2994,False,94.76932213500844,49
2995,False,21.441113434228164,49
2996,False,69.31281088056737,49
2997,False,103.0137361255043,49
2998,False,62.47992237515098,49
2999,False,-44.11942961962962,49
