0,False,-155.78184389753656,49
1,False,-158.43016031818914,49
2,False,11.101787623254015,49
3,False,-147.66666660055128,49
4,False,-142.213952455095,49
5,False,-142.62288945797422,49
6,False,-15.31474289142356,49
7,False,-265.92359157345925,49
8,False,-199.92101095543558,49
9,False,-114.96979645921333,49
10,False,-368.2654690459088,49
11,False,-243.9920347271453,49
12,False,-92.20267802720984,49
13,False,-161.34792188991054,49
14,False,-38.242556457301944,49
15,False,-128.6843842191085,49
16,False,-132.8780474149456,49
17,False,19.581251709592593,49
18,False,56.216581976930506,49
19,False,20.533723543645152,49
20,False,-79.27398625775757,49
21,False,-176.00573162124707,49
22,False,-30.242435475507925,49
23,False,-42.21783693692636,49
24,False,-60.08354925795758,49
25,False,-425.5175813775175,49
26,False,0.1946906328015512,49
27,False,-46.50313107566524,49
28,False,-48.6734096775124,49
29,False,-100.4702831720766,49
30,False,-169.49638560025326,49
31,False,-74.36355433523597,49
32,False,90.92544766593618,49
33,False,-125.46822932246101,49
34,False,38.44525641476852,49
35,False,-55.480541372139996,49
36,False,-485.2258768713208,49
37,False,-343.3991520638121,49
38,False,-8.44988008851145,49
39,False,-81.95956023053428,49
40,False,-156.73033234411582,49
41,False,-111.90754350481245,49
42,False,30.251053893805466,49
43,False,-30.997242456508303,49
44,False,-17.372138072048273,49
45,False,-25.6022738189303,49
46,False,19.521702795972406,49
47,False,-138.68297599285182,49
48,False,-182.66270518221717,49
49,False,-1143.925311833249,49
50,False,-14.054083559492314,49
51,False,-347.79009035863896,49
52,False,-534.9029072521337,49
53,False,-16.112984637660396,49
54,False,-68.50916641438391,49
55,False,-483.0018617524767,49
56,False,-95.05790836751889,49
57,False,-297.702993311024,49
58,False,-541.9610403778463,49
59,False,-195.19523114236856,49
60,False,-140.08840407764927,49
61,False,3.394874316907268,49
62,False,-155.76398283695738,49
63,False,12.580767771134763,49
64,False,-26.516113933035555,49
65,False,7.279207978824667,49
66,False,25.38818426542324,49
67,False,-166.9478688223133,49
68,False,-87.40349304494302,49
69,False,-107.7330554076315,49
70,False,-300.9252595917485,49
71,False,70.02228983843393,49
72,False,5.274895139622174,49
73,False,-71.40763115460419,49
74,False,-45.22545153890011,49
75,False,-144.62879140859945,49
76,False,-0.9569251428650212,49
77,False,-323.82928757273214,49
78,False,-40.1237895866406,49
79,False,-63.09530976626757,49
80,False,-163.2570083864368,49
81,False,-412.95876655319177,49
82,False,-181.21055729066077,49
83,False,27.60797894324267,49
84,False,-121.07575470131482,49
85,False,-64.51712169105876,49
86,False,-129.69144931003885,49
87,False,-88.03996741999094,49
88,False,-0.8700267185570603,49
89,False,-1660.9659330141894,49
90,False,-156.9949887542616,49
91,False,-49.08903354063192,49
92,False,-64.02767164228925,49
93,False,-74.21559743150371,49
94,False,-314.6337743497638,49
95,False,-159.71579072867925,49
96,False,-28.396832924424515,49
97,False,-11.145961795886684,49
98,False,-133.04006003243683,49
99,False,-460.7036791930331,49
100,False,-561.9654986076295,49
101,False,-231.92714451977844,49
102,False,-194.3886245339703,49
103,False,-231.49112987209517,49
104,False,-95.94667705338794,49
105,False,-41.42177400943244,49
106,False,2.4793379938216873,49
107,False,-123.39964829646163,49
108,False,-323.22440023504373,49
109,False,-61.82833978034323,49
110,False,-449.49211551843086,49
111,False,-23.272673796068734,49
112,False,-241.12673436452445,49
113,False,47.76794309650276,49
114,False,-51.24891685048286,49
115,False,-22.42838375478351,49
116,False,37.99925651264419,49
117,False,-80.37876109121237,49
118,False,-142.85719516507032,49
119,False,-209.50788694302688,49
120,False,-302.92552042777805,49
121,False,27.294796052891627,49
122,False,-65.36600955027085,49
123,False,22.70582660772505,49
124,False,-238.3634373644614,49
125,False,-239.96689750405426,49
126,False,-157.54757954282246,49
127,False,-10.292631982491896,49
128,False,-106.97964773121547,49
129,False,-12.871005056941105,49
130,False,-275.25028121966324,49
131,False,-48.255005844314155,49
132,False,-146.1947746757288,49
133,False,-199.3434123574437,49
134,False,15.778806130039737,49
135,False,-20.361109694200927,49
136,False,-116.6239525579001,49
137,False,-66.53632533157015,49
138,False,23.604406390386643,49
139,False,-133.28740871422224,49
140,False,-73.68333479333481,49
141,False,-102.19495758341779,49
142,False,-39.001741738618335,49
143,False,-400.6536847521935,49
144,False,-7.276049317001105,49
145,False,-52.449327674567314,49
146,False,-354.89980984965433,49
147,False,-35.20153846181587,49
148,False,-93.19127193924345,49
149,False,-904.7316005218402,49
150,False,-16.729453897979056,49
151,False,-59.32114118133072,49
152,False,-20.035071253135698,49
153,False,-34.06501490003866,49
154,False,-50.04233711098674,49
155,False,-57.76925161029335,49
156,False,9.444732538694538,49
157,False,35.94289499589057,49
158,False,-247.2438345714247,49
159,False,-50.836094822313655,49
160,False,-86.88427255972599,49
161,False,-13.630557647241016,49
162,False,-48.421552364757346,49
163,False,78.77990703030318,49
164,False,-55.793213705150066,49
165,False,-116.47899133410641,49
166,False,45.241165231875435,49
167,False,-156.38746043395957,49
168,False,33.029810821096646,49
169,False,-40.813029310632075,49
170,False,-14.471751325732148,49
171,False,-5.433584190607743,49
172,False,-172.10550731613975,49
173,False,49.21640059009453,49
174,False,-132.6801685606069,49
175,False,-34.66096575382301,49
176,False,-188.11178472144758,49
177,False,-10.679182680805681,49
178,False,-2.048410968049499,49
179,False,-262.65744911594464,49
180,False,-111.747645592513,49
181,False,-4.292640194433783,49
182,False,-192.78297582195393,49
183,False,-253.9492922176068,49
184,False,-66.80228272247993,49
185,False,-41.49755826415784,49
186,False,24.347871683752437,49
187,False,-45.62385583053931,49
188,False,-660.6072457808777,49
189,False,-174.85179322689524,49
190,False,-276.0431969986556,49
191,False,-53.301333163736494,49
192,False,-123.09551074127452,49
193,False,-202.75189978897322,49
194,False,-266.8233185572039,49
195,False,-101.52157479295927,49
196,False,-22.315087055537816,49
197,False,-451.8057310850284,49
198,False,16.259429053751333,49
199,False,-128.27239836827624,49
200,False,-648.8682568640984,49
201,False,-231.38694684987058,49
202,False,-591.968403948465,49
203,False,-46.59228179802063,49
204,False,47.708479570737765,49
205,False,-166.6205630285275,49
206,False,-4.944920247489851,49
207,False,-140.91317975678226,49
208,False,-2.470021011514479,49
209,False,-100.17786698440955,49
210,False,-48.306816205411835,49
211,False,31.070122000472793,49
212,False,-114.01956516608098,49
213,False,-111.46467213304199,49
214,False,-241.22071211736912,49
215,False,-47.05198993767577,49
216,False,14.23969001666195,49
217,False,-122.77193971108053,49
218,False,-159.36413718102625,49
219,False,-27.46930099053692,49
220,False,-247.63897797104133,49
221,False,-81.0637953527791,49
222,False,66.09501202711957,49
223,False,-5.386691391811961,49
224,False,17.46767148496858,49
225,False,-79.75388550304986,49
226,False,-432.4039855201505,49
227,False,-82.1831323300716,49
228,False,-114.35846099221719,49
229,False,-194.49137751462567,49
230,False,-140.86756443809077,49
231,False,-114.29898454998855,49
232,False,-187.40927037226288,49
233,False,20.576926120718436,49
234,False,-93.99401597764795,49
235,False,-58.910989003859626,49
236,False,-139.19735784343635,49
237,False,-17.622234809708786,49
238,False,-110.33198222184289,49
239,False,40.40636826164654,49
240,False,-61.830483551561606,49
241,False,-64.0315359754656,49
242,False,43.137605092715035,49
243,False,29.748996559791152,49
244,False,-78.24071359038624,49
245,False,14.011942458910124,49
246,False,-368.33971623589537,49
247,False,-36.53617355360393,49
248,False,-32.61271282222341,49
249,False,-90.60688723241715,49
250,False,-187.4070963238931,49
251,False,-144.43032849428627,49
252,False,-6.524682098907125,49
253,False,-614.3979089901252,49
254,False,-282.9875517982383,49
255,False,27.222591400701162,49
256,False,-27.809641639194034,49
257,False,-238.55751343551847,49
258,False,-4.386139829412727,49
259,False,-241.60114399507202,49
260,False,5.718175243450112,49
261,False,-139.70353724254784,49
262,False,-251.64019616644725,49
263,False,-210.27897167509704,49
264,False,-44.72043681804857,49
265,False,-207.89631550831047,49
266,False,-190.65643206945774,49
267,False,-33.688607157761524,49
268,False,43.8181583846017,49
269,False,-191.53809277909374,49
270,False,-21.5982593534594,49
271,False,28.717980995623854,49
272,False,-65.63685851578559,49
273,False,-51.49140227519902,49
274,False,-75.74871558917565,49
275,False,-265.4238020859698,49
276,False,-25.967590798150148,49
277,False,-89.67514458731839,49
278,False,-26.888887989452314,49
279,False,52.743809740065245,49
280,False,-85.86148418096182,49
281,False,-67.17607858084192,49
282,False,29.714340221260663,49
283,False,-991.482101161369,49
284,False,53.904764396119134,49
285,False,-36.706676045274996,49
286,False,86.9255964897572,49
287,False,-40.238802861212534,49
288,False,-211.55025721245153,49
289,False,-388.66063522140007,49
290,False,-5.604245270169049,49
291,False,-205.21009605400928,49
292,False,-164.49073297000382,49
293,False,-11.633905668932,49
294,False,-130.95892540910228,49
295,False,29.730367459446736,49
296,False,-46.14621464929577,49
297,False,-68.68815907759054,49
298,False,-118.86877434797921,49
299,False,-45.83339328831699,49
300,False,-44.89068607950114,49
301,False,-84.13476468320259,49
302,False,-74.99206616302676,49
303,False,-539.841429370546,49
304,False,-91.42723055390525,49
305,False,-78.87374717734338,49
306,False,-20.69103454908253,49
307,False,-51.19889117015913,49
308,False,-42.82309187908393,49
309,False,-68.3810537634635,49
310,False,-140.44664952314133,49
311,False,26.99453270924191,49
312,False,-10.383539835476284,49
313,False,-164.85172827032136,49
314,False,-29.30009599760679,49
315,False,-1040.8424692332667,49
316,False,-103.08109038596884,49
317,False,-82.771249468576,49
318,False,-206.65756884637665,49
319,False,-179.51887879338358,49
320,False,-230.27787994498576,49
321,False,-314.3144940891888,49
322,False,-46.32925458847302,49
323,False,-40.815692863017325,49
324,False,72.27615168548995,49
325,False,-37.82812491214872,49
326,False,-177.71934385608054,49
327,False,-14.375591067468989,49
328,False,-200.26086108871678,49
329,False,-36.96097494454244,49
330,False,-56.68252820357245,49
331,False,24.015735775789732,49
332,False,-82.74815855926272,49
333,False,-75.7625061161371,49
334,False,-12.106301714495856,49
335,False,47.35545353198151,49
336,False,-106.17984928239822,49
337,False,-87.07281152635733,49
338,False,-396.7158931995581,49
339,False,-145.13796546480333,49
340,False,-83.59535665278483,49
341,False,-96.2637633092662,49
342,False,-119.34437257064148,49
343,False,48.602665164710174,49
344,False,-114.42413695735495,49
345,False,-35.20815668606639,49
346,False,-76.54626688415425,49
347,False,23.711639712840928,49
348,False,13.93461196677578,49
349,False,-61.243972258240845,49
350,False,33.06411433578348,49
351,False,-209.40155501916522,49
352,False,-20.048281897889673,49
353,False,-58.967959848072795,49
354,False,-99.88648542695853,49
355,False,-8.378934855533732,49
356,False,6.13881233201062,49
357,False,-23.431371929235503,49
358,False,25.345320327458055,49
359,False,-116.71784948893634,49
360,False,-117.82109355090141,49
361,False,27.642213311092615,49
362,False,41.849555974652844,49
363,False,53.32558686833649,49
364,False,-283.3165025347867,49
365,False,-102.35792364340607,49
366,False,-48.40049812673682,49
367,False,-31.90584589533893,49
368,False,-44.322105451459954,49
369,False,-198.06847262469023,49
370,False,-7.466643382378535,49
371,False,-95.22606502922028,49
372,False,42.35299121958174,49
373,False,-163.03907165732537,49
374,False,-75.60306440898776,49
375,False,-519.9727153149132,49
376,False,-63.731325614160156,49
377,False,-82.60446988712388,49
378,False,-41.3015949303053,49
379,False,-28.86546659493157,49
380,False,-44.76471433185901,49
381,False,63.103033842213065,49
382,False,-55.44289845679134,49
383,False,-36.442862899105215,49
384,False,-64.96023524665992,49
385,False,-570.6775516038603,49
386,False,-31.799891545925647,49
387,False,7.980684652010083,49
388,False,-38.58259762768674,49
389,False,-49.23645837525048,49
390,False,22.108784354591805,49
391,False,-613.4056162252841,49
392,False,-698.1550581015853,49
393,False,13.44036534925397,49
394,False,-224.80910726553816,49
395,False,-731.9424262931464,49
396,False,47.36647053989675,49
397,False,9.84594980427509,49
398,False,-628.5607118723374,49
399,False,-209.50767826078751,49
400,False,-56.714886401781456,49
401,False,-745.5677571357356,49
402,False,-793.1387910470694,49
403,False,-13.894360754013327,49
404,False,-29.753558570767666,49
405,False,-45.898214579132464,49
406,False,-60.10241543381184,49
407,False,-113.42730166937605,49
408,False,-110.40051995771333,49
409,False,-73.47753294626114,49
410,False,-52.243714669071856,49
411,False,-346.99155074179185,49
412,False,-60.87493051405508,49
413,False,-174.9957268206897,49
414,False,-344.418816098914,49
415,False,40.41477374834987,49
416,False,-87.67148282914901,49
417,False,-150.79812575447693,49
418,False,-83.91553101683601,49
419,False,-37.57429684747821,49
420,False,-149.65281600080414,49
421,False,-20.133343581547894,49
422,False,-296.4831141731381,49
423,False,-109.46983004547032,49
424,False,8.866925978601785,49
425,False,-48.09789396355552,49
426,False,22.272667714357905,49
427,False,-76.00608268878938,49
428,False,-597.435751427617,49
429,False,7.620426302819659,49
430,False,-46.72751631258993,49
431,False,-176.7639954067143,49
432,False,-175.77033909436346,49
433,False,-95.23229406615403,49
434,False,-95.70735425194941,49
435,False,-472.95599598014877,49
436,False,-513.040842520855,49
437,False,-466.17778714809845,49
438,False,-84.60671317767333,49
439,False,61.61100781052403,49
440,False,-79.91008297041097,49
441,False,-191.31595596918473,49
442,False,-227.36290785784925,49
443,False,55.02016696043664,49
444,False,-401.62358964740133,49
445,False,-113.36682735900379,49
446,False,-81.91033604031092,49
447,False,-68.562928130215,49
448,False,-238.26626023407036,49
449,False,-60.28944354092159,49
450,False,2.987597171833764,49
451,False,-128.15725983992604,49
452,False,-157.45321020202476,49
453,False,-2.3726656605326717,49
454,False,-232.5575904674337,49
455,False,-4.208746751615685,49
456,False,-70.15229519385025,49
457,False,-151.7668084757174,49
458,False,-21.19100950228311,49
459,False,-222.04841090236312,49
460,False,-100.95467751443555,49
461,False,8.417206295359392,49
462,False,-852.0611369336145,49
463,False,-24.769170515066108,49
464,False,-34.35212627012355,49
465,False,-124.45730886502577,49
466,False,-144.4167790238601,49
467,False,-103.52674852773865,49
468,False,22.832505830687154,49
469,False,-122.54719839737801,49
470,False,-183.0155568499368,49
471,False,-51.24181636048952,49
472,False,59.13761325611814,49
473,False,-124.22706244657952,49
474,False,-152.14713444856758,49
475,False,-90.16977571723258,49
476,False,31.641589779036863,49
477,False,26.406245983053285,49
478,False,11.283704014196195,49
479,False,3.9782255709617447,49
480,False,-179.13799100464604,49
481,False,-3.7989605411403033,49
482,False,-65.89112055460322,49
483,False,-2327.8255878659315,49
484,False,-42.784955162374494,49
485,False,38.71172114286024,49
486,False,-261.9526553825755,49
487,False,48.10726693515844,49
488,False,-50.96780514307518,49
489,False,-58.39761773587468,49
490,False,-3.444352128181464,49
491,False,-75.92018814278752,49
492,False,-116.72631687554698,49
493,False,44.2038747447686,49
494,False,-39.31552106563517,49
495,False,-210.62306903829213,49
496,False,-115.81998169560417,49
497,False,-76.72848078587994,49
498,False,-329.82548251723654,49
499,False,-57.08515528302785,49
500,False,13.278096759605962,49
501,False,-76.43303254292422,49
502,False,45.86296931443126,49
503,False,-141.83836124871334,49
504,False,36.627901932956796,49
505,False,-11.772429985221997,49
506,False,-172.23772120665132,49
507,False,-79.01506198216941,49
508,False,-14.165898522482301,49
509,False,-418.80235215040364,49
510,False,-7.70296422915272,49
511,False,41.906652697753444,49
512,False,-18.907685695219534,49
513,False,-37.33044494640101,49
514,False,-295.6559308053604,49
515,False,-60.191599135716004,49
516,False,67.67623910890383,49
517,False,-51.07153243660542,49
518,False,-120.01007337977035,49
519,False,-6.690646567697847,49
520,False,57.203446010039634,49
521,False,-103.19661021951988,49
522,False,-71.32468147136831,49
523,False,-125.95486448378168,49
524,False,68.42515793755379,49
525,False,-71.20266999173873,49
526,False,-195.6250764827091,49
527,False,78.28611539270707,49
528,False,-221.68031310238035,49
529,False,-164.8511023228975,49
530,False,51.21076069860063,49
531,False,-139.63908739966587,49
532,False,-17.885221632686253,49
533,False,-90.28342987451404,49
534,False,-137.60098793935114,49
535,False,-95.5575433167325,49
536,False,-31.2092113283908,49
537,False,-75.96172256435534,49
538,False,25.85997056523756,49
539,False,-98.16647936746998,49
540,False,-323.5610236705408,49
541,False,-20.370105445388567,49
542,False,-144.46952866926873,49
543,False,-31.07660839387529,49
544,False,-135.38104763854238,49
545,False,-66.77365054788852,49
546,False,-180.45025955997997,49
547,False,-283.70831027812545,49
548,False,-211.55156944431377,49
549,False,-68.63111496329847,49
550,False,18.41925460603306,49
551,False,-534.51548226367,49
552,False,-152.2938193928334,49
553,False,-75.56824326906504,49
554,False,-14.518628927340302,49
555,False,83.70945191287299,49
556,False,38.47790858970666,49
557,False,-34.548722615557985,49
558,False,-23.440495412246207,49
559,False,-164.37043812092773,49
560,False,44.02873636033193,49
561,False,-71.88508409555428,49
562,False,-15.809101629267445,49
563,False,-44.56842388979671,49
564,False,-97.07383820169937,49
565,False,-309.4331742889525,49
566,False,-474.9547358553957,49
567,False,102.87200679681948,49
568,False,-99.23382153008505,49
569,False,0.5243542972616844,49
570,False,53.82417528519009,49
571,False,-84.95948862435208,49
572,False,-66.3520201907416,49
573,False,-105.32729114014869,49
574,False,38.33540040084983,49
575,False,42.62225618136069,49
576,False,-203.02856193261218,49
577,False,-188.7089959759053,49
578,False,-65.40872073661535,49
579,False,-107.41831560069372,49
580,False,20.95009740212763,49
581,False,-163.78827427148548,49
582,False,-994.9114998300453,49
583,False,-19.932989371742487,49
584,False,-6.9945923837361335,49
585,False,-56.15789586298541,49
586,False,-144.24236997359506,49
587,False,17.41704165400187,49
588,False,-37.29134619828338,49
589,False,-67.75580017135873,49
590,False,37.87045351842502,49
591,False,74.14409690907269,49
592,False,-61.69679984442416,49
593,False,-263.27807050176773,49
594,False,-25.72375589351875,49
595,False,-52.75859544245548,49
596,False,-82.68564194055449,49
597,False,-41.07991522145263,49
598,False,-91.96402758689526,49
599,False,-1041.1426510153235,49
600,False,-180.47816243173682,49
601,False,-65.07467425001776,49
602,False,-217.72084469509434,49
603,False,-138.76018194589093,49
604,False,97.39493880365006,49
605,False,-135.44183054462945,49
606,False,15.975911503822203,49
607,False,20.907014825167273,49
608,False,-26.874099363629824,49
609,False,-314.1817120006032,49
610,False,-224.7583466575544,49
611,False,-124.91130703604006,49
612,False,-950.7688515684073,49
613,False,-113.10218346965287,49
614,False,0.725117480147186,49
615,False,-67.89752311999206,49
616,False,-2.01893301362157,49
617,False,-66.50639235779144,49
618,False,0.9153382439010143,49
619,False,55.485571456658455,49
620,False,-162.17141668404614,49
621,False,-444.1134836410438,49
622,False,23.424766170936458,49
623,False,-17.365268708968472,49
624,False,-121.82736471463737,49
625,False,-138.01263234632276,49
626,False,10.373691408578452,49
627,False,-228.38860966731926,49
628,False,-77.04925367158151,49
629,False,8.57000122728148,49
630,False,-61.267519869000616,49
631,False,-86.77557103707449,49
632,False,-49.24468453644509,49
633,False,-168.93779533687965,49
634,False,-68.8167802487355,49
635,False,-31.823167177146324,49
636,False,-204.61793157539933,49
637,False,-61.58349848148029,49
638,False,13.095951258880504,49
639,False,-57.516917379669096,49
640,False,-367.2889287821717,49
641,False,-11.167341640974023,49
642,False,49.11251917024574,49
643,False,60.04701862121537,49
644,False,-4.502510463755211,49
645,False,-198.50414575642677,49
646,False,-4.3130778603937046,49
647,False,-35.79150766453004,49
648,False,-80.89726208863519,49
649,False,-90.45243013101852,49
650,False,11.049830612852562,49
651,False,-235.61364716765962,49
652,False,-26.60351516820652,49
653,False,16.554279041590256,49
654,False,-93.08313594178392,49
655,False,-94.2785931688236,49
656,False,-206.8220159308341,49
657,False,-262.1044071084898,49
658,False,-456.3121685008693,49
659,False,49.127760804491544,49
660,False,-140.03294243503245,49
661,False,-71.63272525952003,49
662,False,-122.25385030997067,49
663,False,-29.886293223134125,49
664,False,-267.9813893913748,49
665,False,-65.74242108664968,49
666,False,52.6711057312752,49
667,False,-102.52894331714343,49
668,False,-183.57100121953184,49
669,False,-626.3257017490272,49
670,False,-20.13380927333045,49
671,False,-99.02426707870508,49
672,False,-72.96672687046286,49
673,False,82.48423973763923,49
674,False,-151.31907247120566,49
675,False,-342.8779389422148,49
676,False,-37.828286673038555,49
677,False,24.819519152780934,49
678,False,-116.42093782820515,49
679,False,-107.90613838655659,49
680,False,-69.93854023324303,49
681,False,-36.72229093604581,49
682,False,-282.7947162253387,49
683,False,-455.48700633994355,49
684,False,-167.83496372078724,49
685,False,-200.77331215195866,49
686,False,-168.870548391755,49
687,False,22.684062122249802,49
688,False,-70.0150169092344,49
689,False,23.931783161174465,49
690,False,58.24932316053625,49
691,False,-3.557982196295441,49
692,False,50.89510211652754,49
693,False,-58.110419288439275,49
694,False,-78.77572478287361,49
695,False,-78.11404616054817,49
696,False,-69.65148548029444,49
697,False,-291.7734117818655,49
698,False,50.478719380655846,49
699,False,-104.33913744796405,49
700,False,-46.92677957208635,49
701,False,-199.7708789283875,49
702,False,-56.08785592676839,49
703,False,-414.88032975518695,49
704,False,-163.32181599111613,49
705,False,48.57388639441034,49
706,False,-282.52762872879276,49
707,False,-43.12871245128093,49
708,False,-85.82907496340599,49
709,False,-85.44135359113,49
710,False,18.754597760656445,49
711,False,-49.17756988116637,49
712,False,-186.29078114273614,49
713,False,-59.57677113309655,49
714,False,-92.23218487584076,49
715,False,-72.12317478534744,49
716,False,-10.199189460981174,49
717,False,-72.91575394276126,49
718,False,23.56928850285293,49
719,False,-5121.517744182848,49
720,False,-18.41130370896625,49
721,False,-372.9991925254107,49
722,False,-186.7872456084473,49
723,False,-328.1881592978204,49
724,False,-30.951916379808928,49
725,False,-28.24141705060115,49
726,False,-96.56230901062669,49
727,False,-365.03776526278114,49
728,False,-122.50434163459346,49
729,False,-199.3995706278778,49
730,False,-264.0349432457534,49
731,False,-267.9542029545214,49
732,False,-205.807316538166,49
733,False,-5.5583662008247146,49
734,False,-434.4710483289191,49
735,False,-30.65274071198262,49
736,False,-465.273601740356,49
737,False,-223.12475421955477,49
738,False,-29.128944359007768,49
739,False,-479.1665432604284,49
740,False,-3.6007092980312585,49
741,False,-329.81224999766476,49
742,False,-258.69156428000866,49
743,False,30.878907119659623,49
744,False,-86.50721447858577,49
745,False,43.34466060572072,49
746,False,0.8386140185219002,49
747,False,-44.17089068467414,49
748,False,-3.5431793030406666,49
749,False,-172.75654350017666,49
750,False,-201.53996648183946,49
751,False,-88.4550279933938,49
752,False,-74.84237825444775,49
753,False,-95.24618116891112,49
754,False,95.94587333245055,49
755,False,-105.8079677235896,49
756,False,-183.987104300971,49
757,False,9.120523181250707,49
758,False,-603.7460245459646,49
759,False,-51.34343563428082,49
760,False,-300.72698348846666,49
761,False,63.47546470523354,49
762,False,41.14996426789449,49
763,False,-72.44443376185569,49
764,False,-60.936680966244545,49
765,False,32.972684715181366,49
766,False,-163.32152417976857,49
767,False,-94.68942033780462,49
768,False,-137.450251508421,49
769,False,-16.88909986827965,49
770,False,-284.4055713023121,49
771,False,-253.69547543963412,49
772,False,19.927876251607366,49
773,False,46.051239816940075,49
774,False,-391.2546494867797,49
775,False,-11.460983261559234,49
776,False,-103.91465871661505,49
777,False,-17.180062037251645,49
778,False,-264.8623521546725,49
779,False,-314.26346013323064,49
780,False,-1.5540263916863353,49
781,False,-21.032338972313177,49
782,False,-132.7794685262382,49
783,False,-9.469181401586134,49
784,False,-631.9087517790283,49
785,False,-91.63558336855323,49
786,False,-142.53611667779046,49
787,False,-92.59851641456542,49
788,False,-2207.937238250912,49
789,False,-42.28114354270609,49
790,False,-67.14875328395131,49
791,False,-84.0546031669872,49
792,False,-116.84111161926826,49
793,False,-418.56688269930254,49
794,False,-70.45320162385318,49
795,False,-82.90922988141389,49
796,False,-89.03010164531196,49
797,False,46.93790287088417,49
798,False,-25.346284206880792,49
799,False,-74.04661985940817,49
800,False,-279.82533119706886,49
801,False,-78.84358589575265,49
802,False,-245.75009645399916,49
803,False,-19.151933764133002,49
804,False,57.401709803361655,49
805,False,12.897662800407119,49
806,False,73.0035197876172,49
807,False,-742.6544332297465,49
808,False,-79.07480885769097,49
809,False,-9.617168035605856,49
810,False,30.669546745169782,49
811,False,-118.888579682023,49
812,False,-293.5489992851902,49
813,False,-522.1578902759516,49
814,False,-117.99464605787935,49
815,False,-62.87032366352982,49
816,False,-581.6560199802426,49
817,False,-31.205513770347203,49
818,False,3.483240495234746,49
819,False,20.67045568198249,49
820,False,-146.56572141155638,49
821,False,-15.986564692509035,49
822,False,-15.698735186407987,49
823,False,-209.0079755411161,49
824,False,-33.806103141647725,49
825,False,-117.39641850771059,49
826,False,-93.19011331979233,49
827,False,-279.58909830888473,49
828,False,20.202700169202387,49
829,False,44.88907873684631,49
830,False,-649.8690234617935,49
831,False,-68.26684783130878,49
832,False,51.49774951660404,49
833,False,-106.61536487516254,49
834,False,-71.40315824067531,49
835,False,-60.5737607331754,49
836,False,-168.12883891107066,49
837,False,7.148344233423318,49
838,False,-347.7460267777507,49
839,False,-52.03214774944858,49
840,False,-231.3481168522346,49
841,False,-58.97003794758186,49
842,False,-221.988519148297,49
843,False,60.651421987944296,49
844,False,37.95834479362134,49
845,False,-1099.9817165314103,49
846,False,1.1361440342560911,49
847,False,-14.721049976509777,49
848,False,63.98191984993304,49
849,False,-95.78494157131307,49
850,False,-65.48896459856667,49
851,False,-120.90654171060712,49
852,False,-131.42132453750193,49
853,False,-352.9807690337896,49
854,False,-215.06848472110732,49
855,False,17.259231176053234,49
856,False,-141.9065536403881,49
857,False,24.764103783576072,49
858,False,-57.355061260364124,49
859,False,-203.0132572239798,49
860,False,8.715446096650929,49
861,False,-85.88839597061582,49
862,False,-111.59215546905037,49
863,False,-96.90747224755381,49
864,False,-843.0934569726107,49
865,False,-210.70032758912035,49
866,False,-6.847106417139731,49
867,False,-178.20246811993508,49
868,False,-1.8521960730111005,49
869,False,94.08272566482624,49
870,False,-90.75372634780753,49
871,False,-88.02145065424045,49
872,False,-229.9424986477621,49
873,False,-23.778959992194178,49
874,False,86.41698721649864,49
875,False,-155.33654976138524,49
876,False,-47.10336113906611,49
877,False,-214.08789885256866,49
878,False,-60.48849787746384,49
879,False,83.58061159819106,49
880,False,3.2195768303909986,49
881,False,-175.6939686018824,49
882,False,82.12286368507833,49
883,False,-646.8335907007715,49
884,False,-781.8227324775138,49
885,False,-56.86111462644796,49
886,False,-176.22022646473616,49
887,False,34.231666775729664,49
888,False,52.67390745909831,49
889,False,-6.930959599375747,49
890,False,-144.15160198740992,49
891,False,31.83899977992842,49
892,False,-73.11217983398726,49
893,False,-28.35758147629917,49
894,False,-92.32314276172443,49
895,False,-114.76414408245643,49
896,False,-172.00253973783228,49
897,False,68.88878739931786,49
898,False,-112.29728782328027,49
899,False,-23.405849443716424,49
900,False,-91.3000430250555,49
901,False,-52.836070482204036,49
902,False,4.565043644293116,49
903,False,-139.64344081212843,49
904,False,-125.60172924185495,49
905,False,32.94238795679462,49
906,False,-15.147045887776386,49
907,False,-272.3944534814008,49
908,False,-26.119318246690895,49
909,False,30.097133344555473,49
910,False,18.296146985422517,49
911,False,-54.628925565022755,49
912,False,7.969760167486331,49
913,False,4.6885687788138455,49
914,False,-80.17199457251803,49
915,False,-84.68848464489818,49
916,False,-77.01810860851043,49
917,False,-442.7272642308956,49
918,False,-143.32024482185224,49
919,False,-86.01272839960744,49
920,False,30.75536946367931,49
921,False,81.86257593024007,49
922,False,21.77587939047095,49
923,False,-202.8989512882507,49
924,False,-941.7596875139596,49
925,False,-302.7618721941695,49
926,False,-356.9947596709397,49
927,False,-184.2010611063343,49
928,False,-82.56837131238606,49
929,False,-23.31375598077393,49
930,False,-79.14444184113269,49
931,False,-81.5248156073746,49
932,False,24.38702481287219,49
933,False,-3.9110806800197366,49
934,False,22.934851075856272,49
935,False,-177.0648802973925,49
936,False,-38.3882490523237,49
937,False,24.79049530698637,49
938,False,-467.632836652541,49
939,False,-92.78800829198602,49
940,False,-59.99000302163341,49
941,False,-65.92778088160608,49
942,False,-52.597926902771604,49
943,False,-169.91277687655915,49
944,False,-140.64007881199873,49
945,False,98.57916129608155,49
946,False,-141.44826825564948,49
947,False,-212.06445811976235,49
948,False,4.6087510074943925,49
949,False,63.038533356434264,49
950,False,-268.34193746930964,49
951,False,12.942758355612323,49
952,False,-38.13370170584458,49
953,False,-335.5698489436492,49
954,False,9.363426295742743,49
955,False,-143.2395212489958,49
956,False,-52.19662279924665,49
957,False,-239.19014318903191,49
958,False,-69.72582647171166,49
959,False,-249.2630404421646,49
960,False,-81.23180824937936,49
961,False,-241.6980938575092,49
962,False,-77.72312121728937,49
963,False,-203.81173418003297,49
964,False,-173.19561127552564,49
965,False,26.594280443097972,49
966,False,10.570851425492165,49
967,False,-59.65874527428605,49
968,False,-58.71510185704294,49
969,False,60.90284807350272,49
970,False,-438.00536035258995,49
971,False,-38.24717599992532,49
972,False,-153.36916872471375,49
973,False,78.61009869398592,49
974,False,19.60234072864752,49
975,False,-587.3352641168448,49
976,False,-219.72831279960693,49
977,False,-93.40708926089394,49
978,False,-246.73529549843624,49
979,False,-80.1085274733378,49
980,False,-581.1052194545073,49
981,False,-152.58576061628798,49
982,False,76.96485693010007,49
983,False,-28.860494118450646,49
984,False,67.62746146535906,49
985,False,8.355659567267319,49
986,False,-79.84935471350292,49
987,False,-56.97503460414124,49
988,False,82.16950664927587,49
989,False,-57.77852488531328,49
990,False,-130.47015764514293,49
991,False,-85.9429977028159,49
992,False,-115.44768030324377,49
993,False,-117.51306461930646,49
994,False,-130.1101563243187,49
995,False,-380.5356417977308,49
996,False,50.73791700980415,49
997,False,-115.93298832432629,49
998,False,-166.2721786592415,49
999,False,-29.308648443598962,49
1000,False,66.86930763190216,49
1001,False,-177.18296440404907,49
1002,False,68.60697725031453,49
1003,False,-258.1252345065062,49
1004,False,-85.22872833814016,49
1005,False,3.2995759191651395,49
1006,False,44.385912719619256,49
1007,False,-135.85102567794175,49
1008,False,2.7335212380619733,49
1009,False,24.615122367106977,49
1010,False,-102.40373439801186,49
1011,False,-92.76638162175675,49
1012,False,-14.363292163436938,49
1013,False,0.08933900882113566,49
1014,False,-110.37817840812266,49
1015,False,4.828128756759604,49
1016,False,-143.84046067400962,49
1017,False,2.3981873446121167,49
1018,False,-245.26255660010276,49
1019,False,-117.48620518204642,49
1020,False,-491.50736668515225,49
1021,False,-42.31432917366516,49
1022,False,-22.497521048326476,49
1023,False,-69.82427440795983,49
1024,False,-10.151142054564144,49
1025,False,-723.7860311827783,49
1026,False,-147.53314977966386,49
1027,False,39.25801553000137,49
1028,False,-149.65098883087754,49
1029,False,46.4662337271867,49
1030,False,-22.782356712117153,49
1031,False,13.396048894609066,49
1032,False,-90.47724857111923,49
1033,False,-348.29507966398137,49
1034,False,54.69323206831964,49
1035,False,-285.28581351640986,49
1036,False,35.4054468286648,49
1037,False,-50.8080165322763,49
1038,False,-133.79436292527652,49
1039,False,-75.9291964192696,49
1040,False,83.21048598059276,49
1041,False,-720.7153952041697,49
1042,False,5.070110025116264,49
1043,False,-157.38139882371496,49
1044,False,-55.58359489676103,49
1045,False,-195.95700932049635,49
1046,False,-47.60135837257239,49
1047,False,-318.74570904763505,49
1048,False,-125.9492807060218,49
1049,False,78.81034962823739,49
1050,False,-201.0926468671475,49
1051,False,-175.82191990551465,49
1052,False,-109.15579642558804,49
1053,False,-225.01993128835755,49
1054,False,-104.24505047953164,49
1055,False,-336.5276353304807,49
1056,False,41.1377018557729,49
1057,False,-92.39639243936526,49
1058,False,5.947466216585205,49
1059,False,49.501076079623836,49
1060,False,54.28739171400338,49
1061,False,-269.15393310113456,49
1062,False,-22.690672970029127,49
1063,False,-1.860859245095103,49
1064,False,65.28353995505424,49
1065,False,1.9988659001517988,49
1066,False,-67.23478369316032,49
1067,False,-242.64189341910557,49
1068,False,-76.03021962295365,49
1069,False,-79.63423265503312,49
1070,False,13.788844405237622,49
1071,False,-31.12477857718194,49
1072,False,-125.75788384389725,49
1073,False,-85.86580494744322,49
1074,False,-70.74256239051917,49
1075,False,-106.03701246525702,49
1076,False,-164.0593527440991,49
1077,False,-142.15282463355626,49
1078,False,39.18075973100491,49
1079,False,23.299252868854893,49
1080,False,-9.594327573722932,49
1081,False,-118.55358032484678,49
1082,False,-318.4681436294635,49
1083,False,-74.32776589331803,49
1084,False,53.140381165673986,49
1085,False,-102.29046556799214,49
1086,False,20.924411908679335,49
1087,False,-10.821405840430955,49
1088,False,-69.10951867163055,49
1089,False,-677.3258753781734,49
1090,False,-589.2105985222914,49
1091,False,-12.462472943562307,49
1092,False,-73.33248382112437,49
1093,False,-155.1408266051514,49
1094,False,-19.346304241448745,49
1095,False,-105.74896620215299,49
1096,False,-501.3173306986706,49
1097,False,-5.002374560990117,49
1098,False,-44.63177024501651,49
1099,False,-52.27256713470817,49
1100,False,-114.59225275896915,49
1101,False,-98.08284745837996,49
1102,False,-179.86532919585522,49
1103,False,-36.42209676130698,49
1104,False,-84.37819533247574,49
1105,False,-149.348273129316,49
1106,False,58.20295039498148,49
1107,False,-155.18385142633608,49
1108,False,-305.32620240615864,49
1109,False,-202.05689787353995,49
1110,False,46.863421907413525,49
1111,False,-76.5272835009462,49
1112,False,-173.98065138196205,49
1113,False,-26.419473517627356,49
1114,False,-38.659472415817234,49
1115,False,-244.00515179013533,49
1116,False,-225.8765366677872,49
1117,False,-6.369013996552123,49
1118,False,-228.58494478957985,49
1119,False,-29.048053898391018,49
1120,False,-26.816187870971078,49
1121,False,-47.988862895207106,49
1122,False,8.379318696845163,49
1123,False,-151.83013087392308,49
1124,False,-195.74876475218292,49
1125,False,-116.68067518139377,49
1126,False,-17.03821598132073,49
1127,False,-276.66224711556924,49
1128,False,-26.646892022526337,49
1129,False,7.60385958362307,49
1130,False,107.76082644019704,49
1131,False,2.7023815556803825,49
1132,False,1.1255247764717868,49
1133,False,-33.82247514104005,49
1134,False,50.84370092495451,49
1135,False,0.42485052680819635,49
1136,False,62.89788591105078,49
1137,False,-37.93640500892502,49
1138,False,31.800526872794812,49
1139,False,-81.15898350035422,49
1140,False,-208.58372123099193,49
1141,False,-270.5031940789612,49
1142,False,-224.39067035567416,49
1143,False,-4.788413426098741,49
1144,False,21.963451852282795,49
1145,False,-74.23859541758539,49
1146,False,-94.04649971267911,49
1147,False,-182.131930217859,49
1148,False,-219.47716833179658,49
1149,False,-133.88465766094652,49
1150,False,-777.2710311967382,49
1151,False,-122.14202152513772,49
1152,False,-99.46654023973835,49
1153,False,17.011186880970484,49
1154,False,22.687400107327456,49
1155,False,51.041566299628,49
1156,False,-221.87125072160086,49
1157,False,71.91892346396135,49
1158,False,15.925087579325485,49
1159,False,-77.2251015019263,49
1160,False,37.590870338862814,49
1161,False,32.746442055970945,49
1162,False,-115.02607071754488,49
1163,False,-946.1012962779891,49
1164,False,-61.52745189886984,49
1165,False,-36.26742287435761,49
1166,False,-71.76326225659422,49
1167,False,-56.87494365510369,49
1168,False,-82.28746306625376,49
1169,False,-127.28269724143846,49
1170,False,-416.7663391833735,49
1171,False,-99.90882920799113,49
1172,False,-54.99350182635542,49
1173,False,-14.957705367977924,49
1174,False,-232.26391801276696,49
1175,False,-930.5820363786844,49
1176,False,-78.87792211908797,49
1177,False,-340.91295000444006,49
1178,False,-78.88671620561871,49
1179,False,-0.2812885226257116,49
1180,False,-249.41196834814141,49
1181,False,-27.001730382139556,49
1182,False,-301.4670327471771,49
1183,False,-166.21651980219465,49
1184,False,-128.0400949863844,49
1185,False,-17.982447536406376,49
1186,False,13.768917764307602,49
1187,False,-328.33408141972296,49
1188,False,39.57647566048999,49
1189,False,-58.59192167823559,49
1190,False,-293.7471745801605,49
1191,False,-70.24913190585889,49
1192,False,2.4006517291098284,49
1193,False,-191.55686000791331,49
1194,False,37.23736059359237,49
1195,False,-32.42521043626313,49
1196,False,-448.42821094559633,49
1197,False,-174.3386665276471,49
1198,False,-324.21951562003653,49
1199,False,-58.692725889301684,49
1200,False,-175.21826066869963,49
1201,False,12.903509078654423,49
1202,False,-72.30982339756392,49
1203,False,-150.4054505295736,49
1204,False,30.00080865397163,49
1205,False,20.62733683520215,49
1206,False,57.94105698222229,49
1207,False,-736.6343442234607,49
1208,False,53.94970393809866,49
1209,False,-41.333452276049954,49
1210,False,-257.48946012287433,49
1211,False,25.593191708889,49
1212,False,-504.65038148665724,49
1213,False,-7.3389751901170825,49
1214,False,-89.99297756146413,49
1215,False,4.134412791656686,49
1216,False,49.90000050509244,49
1217,False,-24.45041476484849,49
1218,False,-100.60353414083733,49
1219,False,-8.557176769449189,49
1220,False,6.057811975288288,49
1221,False,-448.1717312178499,49
1222,False,0.45260162889817934,49
1223,False,32.40832374639968,49
1224,False,22.823059462301288,49
1225,False,4.257849925557778,49
1226,False,-38.99800514324848,49
1227,False,-71.42314724840297,49
1228,False,-221.68262055816803,49
1229,False,-169.42387887357256,49
1230,False,-161.5376410957566,49
1231,False,-91.84522286036564,49
1232,False,12.208379372619127,49
1233,False,-22.501413463407054,49
1234,False,-56.19602235869941,49
1235,False,79.99571567083949,49
1236,False,-74.22658094798139,49
1237,False,-175.1850951808616,49
1238,False,-57.72003932436,49
1239,False,8.777056409862222,49
1240,False,-177.32921305241155,49
1241,False,-37.251157759752914,49
1242,False,53.41450674742205,49
1243,False,-65.42461265200821,49
1244,False,21.750314301081104,49
1245,False,-103.02258632163434,49
1246,False,-49.7857933589475,49
1247,False,-108.20045881868845,49
1248,False,-168.51899413618207,49
1249,False,5.85505750745461,49
1250,False,-45.14282277775159,49
1251,False,-27.744282047984253,49
1252,False,56.57360712016276,49
1253,False,-65.50001226062933,49
1254,False,-144.0042382648417,49
1255,False,46.389728193318646,49
1256,False,-338.1421892898912,49
1257,False,-435.63782328668077,49
1258,False,54.15237040008695,49
1259,False,7.3395780840680445,49
1260,False,-66.68533221613475,49
1261,False,0.45950671305357105,49
1262,False,-165.67651287308192,49
1263,False,-76.52926263082257,49
1264,False,-49.763850034398615,49
1265,False,-412.10850000686645,49
1266,False,-5.3297305155341625,49
1267,False,64.84363840946465,49
1268,False,-95.98633726445593,49
1269,False,-196.91333830749545,49
1270,False,32.32699394668889,49
1271,False,-110.06295104954931,49
1272,False,-15.133347886691858,49
1273,False,-25.171502749462284,49
1274,False,-75.56832589180496,49
1275,False,45.8234603385089,49
1276,False,-456.14978756428934,49
1277,False,1.2038627817462393,49
1278,False,36.74453441408307,49
1279,False,11.708553640109997,49
1280,False,-48.767428193770584,49
1281,False,-188.31179685092079,49
1282,False,-47.79264198818656,49
1283,False,-182.4350516210602,49
1284,False,-199.58455496594735,49
1285,False,12.681527629660458,49
1286,False,-407.53431306562265,49
1287,False,-179.2087517172265,49
1288,False,-97.1708624028431,49
1289,False,-62.67187871763646,49
1290,False,-24.549510924569113,49
1291,False,89.66819062211414,49
1292,False,-545.4885368776866,49
1293,False,25.832423894795085,49
1294,False,-21.827871188456065,49
1295,False,-30.089965056450552,49
1296,False,-204.46922437203972,49
1297,False,10.035475875271601,49
1298,False,-93.63028776824925,49
1299,False,-118.08060505119786,49
1300,False,-130.12651654082862,49
1301,False,-20.36241132426237,49
1302,False,-196.134283791121,49
1303,False,28.976665953343158,49
1304,False,-169.37225569090396,49
1305,False,-262.12021498878136,49
1306,False,-0.6587050126918639,49
1307,False,-93.95155256582993,49
1308,False,-216.72048024836715,49
1309,False,-8.472816950393739,49
1310,False,75.25775492619299,49
1311,False,-81.55979626677382,49
1312,False,90.20157810129044,49
1313,False,53.81183312043001,49
1314,False,-15.772542091788871,49
1315,False,-35.73842832272619,49
1316,False,72.35987271700347,49
1317,False,-100.70692841549572,49
1318,False,85.72817026161371,49
1319,False,-438.33784480159056,49
1320,False,-93.02357392436659,49
1321,False,9.118855971929522,49
1322,False,-187.9857365686939,49
1323,False,-185.251860783264,49
1324,False,-31.08480128144936,49
1325,False,54.44399079368499,49
1326,False,4.597937988695229,49
1327,False,42.844682394040404,49
1328,False,63.277728563289024,49
1329,False,-12.001789453807543,49
1330,False,46.99147846402161,49
1331,False,-40.8463387635291,49
1332,False,-31.614689672883223,49
1333,False,-55.91835286045763,49
1334,False,8.6651360571129,49
1335,False,4.857983387969835,49
1336,False,27.53349023822118,49
1337,False,-717.1698042294712,49
1338,False,-153.79543630904226,49
1339,False,6.045618349742606,49
1340,False,-55.54695682636421,49
1341,False,-201.46159133029965,49
1342,False,-75.50965286418986,49
1343,False,-331.7497876194372,49
1344,False,24.336543522523073,49
1345,False,43.65317468057918,49
1346,False,-93.90254787227063,49
1347,False,-70.73722240705827,49
1348,False,-107.38559631119884,49
1349,False,-0.39307669556385605,49
1350,False,63.134216849566336,49
1351,False,-37.00901496229882,49
1352,False,-782.1754651625918,49
1353,False,-27.067243162219654,49
1354,False,-19.95266699419293,49
1355,False,-479.2191632029905,49
1356,False,8.50963181473984,49
1357,False,-279.05608479340617,49
1358,False,-66.01910177625791,49
1359,False,-8.781592045057536,49
1360,False,40.008942820150025,49
1361,False,-46.38030912515934,49
1362,False,-35.588703876111865,49
1363,False,-0.5931623053516426,49
1364,False,-45.06936619145448,49
1365,False,-162.81917832640298,49
1366,False,-40.75842859260181,49
1367,False,-19.647840111916164,49
1368,False,9.592186429642307,49
1369,False,-141.1858303412856,49
1370,False,-245.2991212611488,49
1371,False,67.10222151479493,49
1372,False,-163.2813274933014,49
1373,False,-141.3662452155732,49
1374,False,-94.20319128100591,49
1375,False,-238.0130207595879,49
1376,False,25.054526784233637,49
1377,False,-178.58400126549566,49
1378,False,-81.40783600778107,49
1379,False,-891.5019147264322,49
1380,False,-9.61995101786445,49
1381,False,-63.289596497041146,49
1382,False,-14.353653861506515,49
1383,False,63.931788658289356,49
1384,False,-142.26740053089384,49
1385,False,-99.6385706641456,49
1386,False,-128.18546322585883,49
1387,False,-34.05868806840338,49
1388,False,92.96208116882758,49
1389,False,-19.02059765058177,49
1390,False,-72.26753069728204,49
1391,False,-56.122269622525145,49
1392,False,60.70863190581756,49
1393,False,56.82757874550687,49
1394,False,-78.99200659614903,49
1395,False,-143.1560823611102,49
1396,False,-6.2509951424747925,49
1397,False,-30.176434963489385,49
1398,False,-431.8596613077024,49
1399,False,-134.4726616665826,49
1400,False,34.076921638658696,49
1401,False,-174.29982087660105,49
1402,False,-21.68570965659736,49
1403,False,-584.6808230859181,49
1404,False,28.99482219338051,49
1405,False,-235.31637509033325,49
1406,False,-120.81123050410997,49
1407,False,-38.273648205949925,49
1408,False,-14.9407621950206,49
1409,False,-87.32506330357572,49
1410,False,17.84989336046365,49
1411,False,-163.6279485777201,49
1412,False,12.750497533974105,49
1413,False,-125.29489329644295,49
1414,False,43.49403920111885,49
1415,False,-91.70318741150865,49
1416,False,-417.93723502572317,49
1417,False,-33.432102772065036,49
1418,False,-222.81517130118542,49
1419,False,-19.198079992669847,49
1420,False,-723.2605671740554,49
1421,False,44.288619942072536,49
1422,False,-132.92622715241447,49
1423,False,-124.36223112624036,49
1424,False,-115.12598362819554,49
1425,False,-10.359009625096519,49
1426,False,-129.8734399176702,49
1427,False,-17.28163445739959,49
1428,False,48.30808211552559,49
1429,False,55.139304902306144,49
1430,False,-655.9460239001689,49
1431,False,46.18564810180853,49
1432,False,-821.2191383339003,49
1433,False,-63.63572841188329,49
1434,False,89.65713530721956,49
1435,False,61.619273341930786,49
1436,False,-130.89697013439118,49
1437,False,-47.135476246604306,49
1438,False,52.922152918754996,49
1439,False,-87.72121464090007,49
1440,False,-55.2462087671571,49
1441,False,-281.4353709884627,49
1442,False,-132.152009507827,49
1443,False,22.812601384953055,49
1444,False,-56.71262431375692,49
1445,False,-378.2487721434261,49
1446,False,48.08344208252382,49
1447,False,-594.028206431488,49
1448,False,-46.49625937227359,49
1449,False,-14.003813550396067,49
1450,False,85.76315365189218,49
1451,False,-197.73480078798258,49
1452,False,-34.87025819214108,49
1453,False,-232.25119538468263,49
1454,False,-159.52248886369404,49
1455,False,70.69648715462105,49
1456,False,49.19547475631412,49
1457,False,-261.4512888864319,49
1458,False,-57.998600388040224,49
1459,False,-226.63325153604202,49
1460,False,-230.46585690774847,49
1461,False,-21.704315084004108,49
1462,False,-315.9019280683978,49
1463,False,61.43471247820337,49
1464,False,-383.78064117858423,49
1465,False,-49.22150514453392,49
1466,False,6.2521457099417574,49
1467,False,12.948278879753516,49
1468,False,-251.0357610274262,49
1469,False,109.42236555370005,49
1470,False,-850.3543411692291,49
1471,False,19.07955269867304,49
1472,False,-207.14272893469618,49
1473,False,-143.82163747377672,49
1474,False,44.147270817459514,49
1475,False,-156.75765867728134,49
1476,False,-374.33043790923114,49
1477,False,-234.79088883988607,49
1478,False,-69.03361939925675,49
1479,False,37.30247735366006,49
1480,False,-237.52713796278988,49
1481,False,66.06457507657359,49
1482,False,-170.74434112463865,49
1483,False,-12.524989219716048,49
1484,False,-46.1423163959479,49
1485,False,-894.9330772575934,49
1486,False,-33.08758449477172,49
1487,False,31.045804394642538,49
1488,False,-38.34090510089151,49
1489,False,-165.00613720435882,49
1490,False,-41.302172329875916,49
1491,False,-108.69414910954576,49
1492,False,38.87762090669279,49
1493,False,-102.32533023918364,49
1494,False,-43.16831563222014,49
1495,False,0.69123982937686,49
1496,False,-63.65120295223421,49
1497,False,-232.9937625513752,49
1498,False,-21.478335773483415,49
1499,False,-75.54496618014883,49
1500,False,-813.6060210426011,49
1501,False,-140.20093492612256,49
1502,False,-21.12908141019496,49
1503,False,60.8394234015433,49
1504,False,43.22546378681112,49
1505,False,-53.08583258319399,49
1506,False,6.667131426734482,49
1507,False,-69.65317554263956,49
1508,False,-419.57235366779673,49
1509,False,-25.682941319690958,49
1510,False,17.194379553144557,49
1511,False,-231.946848981024,49
1512,False,-132.56215436315532,49
1513,False,-36.83602990277383,49
1514,False,-63.73364609659305,49
1515,False,-275.1177854458351,49
1516,False,-24.375328790153414,49
1517,False,19.192400568078313,49
1518,False,-17.410036189599836,49
1519,False,-109.04495511378398,49
1520,False,-40.40414963956377,49
1521,False,-91.16087278785102,49
1522,False,-57.073778964769325,49
1523,False,-147.69164013288096,49
1524,False,55.828077355161724,49
1525,False,60.94811886453924,49
1526,False,-953.0670401464531,49
1527,False,-145.22362853027334,49
1528,False,-89.46215131438504,49
1529,False,-140.3023539505514,49
1530,False,-24.429581530282533,49
1531,False,-291.1075853958511,49
1532,False,48.922521091812115,49
1533,False,-59.29295304039807,49
1534,False,59.28865135591755,49
1535,False,-802.7346421128358,49
1536,False,-19.949971956052465,49
1537,False,67.85459519551353,49
1538,False,-293.5649420043448,49
1539,False,-30.552241687254742,49
1540,False,-114.49347282200338,49
1541,False,-83.46131672296758,49
1542,False,3.9448057719000627,49
1543,False,-31.943435741561323,49
1544,False,56.29594346199444,49
1545,False,32.25282320620967,49
1546,False,-29.107227211314914,49
1547,False,-139.74884577142433,49
1548,False,-81.16841578932564,49
1549,False,26.33204728124921,49
1550,False,25.232273480803443,49
1551,False,-110.34642372143028,49
1552,False,-446.4205566825715,49
1553,False,-9.788815237487341,49
1554,False,26.954261954771788,49
1555,False,-84.94387099465362,49
1556,False,-34.10392968179159,49
1557,False,19.715660322152402,49
1558,False,42.07985034492237,49
1559,False,-208.82064853277518,49
1560,False,-16.27500587928173,49
1561,False,-355.1588259546637,49
1562,False,-861.8073866975553,49
1563,False,-127.48150960741759,49
1564,False,-113.63799206014988,49
1565,False,17.973106385121852,49
1566,False,21.343918872223703,49
1567,False,-437.7489368859681,49
1568,False,-61.4063957786511,49
1569,False,11.469707251937551,49
1570,False,-145.10354301099807,49
1571,False,-135.47816187556504,49
1572,False,-168.7553743538106,49
1573,False,-20.202555763554358,49
1574,False,27.119162087450512,49
1575,False,37.19958734465522,49
1576,False,-91.54814879567775,49
1577,False,-259.067572821405,49
1578,False,-256.42700865015905,49
1579,False,-21.463675326266564,49
1580,False,75.8518731685723,49
1581,False,-7.225557501478622,49
1582,False,-325.43147135245124,49
1583,False,76.03473759900973,49
1584,False,-182.29666042021083,49
1585,False,-431.4245344786116,49
1586,False,-222.8336663496875,49
1587,False,-63.77135949827831,49
1588,False,-737.8080580497391,49
1589,False,-122.97326764715785,49
1590,False,-459.3888567188779,49
1591,False,-72.459946472441,49
1592,False,-183.5441564285854,49
1593,False,5.006062426144695,49
1594,False,11.721555811199691,49
1595,False,14.66143507038318,49
1596,False,1.0513448996129906,49
1597,False,52.7155515753323,49
1598,False,-143.15141411091247,49
1599,False,-186.48384517371522,49
1600,False,-91.0950265199662,49
1601,False,-37.09476400258032,49
1602,False,-294.80373843074847,49
1603,False,-55.07929082450892,49
1604,False,6.482407716996228,49
1605,False,-256.61047213458124,49
1606,False,44.15525155590502,49
1607,False,57.69018329241415,49
1608,False,3.320963469342625,49
1609,False,-40.020355174289975,49
1610,False,-176.69560348415746,49
1611,False,-18.037346168902047,49
1612,False,23.6193903053138,49
1613,False,-316.8176386950328,49
1614,False,-184.57976753815143,49
1615,False,-199.84260750278227,49
1616,False,-166.6569955410381,49
1617,False,-126.06973010271147,49
1618,False,13.545274369441657,49
1619,False,-19.533116808165374,49
1620,False,-224.557218801988,49
1621,False,-165.239017501107,49
1622,False,-90.34333332675489,49
1623,False,-814.2637050278985,49
1624,False,-200.6998926885735,49
1625,False,-91.87381763593578,49
1626,False,59.04854931474186,49
1627,False,-48.40714481005033,49
1628,False,-145.6881517141127,49
1629,False,-10.57249772918366,49
1630,False,32.8213730065481,49
1631,False,-47.53242875403815,49
1632,False,-54.76353814356698,49
1633,False,71.96872004784288,49
1634,False,-2.4621598968267193,49
1635,False,-145.04345219538337,49
1636,False,-92.00995103020695,49
1637,False,-49.13359921163849,49
1638,False,-708.0636972251523,49
1639,False,-49.15050596316484,49
1640,False,-331.6798341695967,49
1641,False,-31.669104156086604,49
1642,False,-232.45975908363732,49
1643,False,-147.7291907900909,49
1644,False,-158.00543203047818,49
1645,False,-571.8566955704771,49
1646,False,-364.29014275963453,49
1647,False,43.30627346121858,49
1648,False,-182.62712173998648,49
1649,False,-103.57261942879921,49
1650,False,16.939142428613415,49
1651,False,-30.62062918115108,49
1652,False,-100.59310813399068,49
1653,False,62.79478581524846,49
1654,False,-83.32259502259413,49
1655,False,73.36368717012274,49
1656,False,17.95618305043971,49
1657,False,-8.059575449198107,49
1658,False,40.03561101231738,49
1659,False,-50.26827170176743,49
1660,False,16.403776920160702,49
1661,False,34.5661549266058,49
1662,False,-40.246993931342175,49
1663,False,-25.594401917459543,49
1664,False,-662.34941380215,49
1665,False,24.285032112133408,49
1666,False,-27.261241162458845,49
1667,False,-8.415490801878262,49
1668,False,-56.114394443321565,49
1669,False,-77.93504259359146,49
1670,False,41.30098201800388,49
1671,False,-188.20723442586313,49
1672,False,3.193092331176768,49
1673,False,10.059730602593595,49
1674,False,-228.31394877209408,49
1675,False,-207.55025560311861,49
1676,False,-243.45562003505472,49
1677,False,25.496898122969228,49
1678,False,-255.2098313772955,49
1679,False,-40.196584960168934,49
1680,False,-132.8284193187546,49
1681,False,24.837715120486152,49
1682,False,-11.42610971110138,49
1683,False,-301.20559551790944,49
1684,False,-347.4821513470129,49
1685,False,86.16015943888327,49
1686,False,-132.06398734375483,49
1687,False,36.837701329733946,49
1688,False,4.152337970632367,49
1689,False,17.07904473886903,49
1690,False,-94.67266964331347,49
1691,False,26.469151454279782,49
1692,False,-43.67017543273303,49
1693,False,-30.79065717685795,49
1694,False,-128.05837659904532,49
1695,False,16.463022916076522,49
1696,False,24.71146617516825,49
1697,False,-26.511120324011088,49
1698,False,10.076631029689208,49
1699,False,27.336041054886905,49
1700,False,-160.71576382273307,49
1701,False,-3.7779283216948087,49
1702,False,-5.833416619074239,49
1703,False,32.64694926074976,49
1704,False,40.787306230189785,49
1705,False,-103.35837474230948,49
1706,False,-92.21281347860639,49
1707,False,63.16062670183872,49
1708,False,-257.7620947014786,49
1709,False,-43.502103922024695,49
1710,False,-77.62400809822427,49
1711,False,-12.456375826362518,49
1712,False,60.232509132952956,49
1713,False,-30.402021632647767,49
1714,False,-134.84896570953458,49
1715,False,-19.25029496007507,49
1716,False,-20.202500032262318,49
1717,False,13.41592042288869,49
1718,False,-3.9621680091045235,49
1719,False,1.2212578839021901,49
1720,False,-110.21782604777286,49
1721,False,-112.51154533832161,49
1722,False,-88.65811885777723,49
1723,False,-228.30401211475817,49
1724,False,-464.1704603365449,49
1725,False,40.81730306678162,49
1726,False,80.64503712597038,49
1727,False,-21.02434480360455,49
1728,False,6.797665225212981,49
1729,False,-25.8378183922024,49
1730,False,-115.21575091138617,49
1731,False,-15.915437067816185,49
1732,False,-590.1469216227088,49
1733,False,-1047.2326289671412,49
1734,False,49.274864079748596,49
1735,False,20.141563518799273,49
1736,False,-290.07189097017937,49
1737,False,10.1225427335232,49
1738,False,-163.85452241874873,49
1739,False,8.9251898569877,49
1740,False,-61.88360531398898,49
1741,False,-228.75757617344522,49
1742,False,-60.78672095845653,49
1743,False,-19.99348289261053,49
1744,False,-25.00926288880067,49
1745,False,-114.03396497149572,49
1746,False,-148.53682530735065,49
1747,False,4.211510670938296,49
1748,False,38.94999783697612,49
1749,False,23.860408438833545,49
1750,False,-116.6709112440679,49
1751,False,-3.666383157109239,49
1752,False,-46.501832804446224,49
1753,False,7.788697926944118,49
1754,False,-354.2435331754351,49
1755,False,-91.69424829208279,49
1756,False,-127.01742238235194,49
1757,False,40.35963658334546,49
1758,False,-178.69633444405915,49
1759,False,5.728886579107314,49
1760,False,-219.19587020366785,49
1761,False,-412.68752383191367,49
1762,False,-0.023774844381073024,49
1763,False,-136.56397852553906,49
1764,False,-184.1310678008812,49
1765,False,-7.047441584169956,49
1766,False,-143.70674822177543,49
1767,False,-11.49436960305136,49
1768,False,-270.03971876954716,49
1769,False,-85.2568295332799,49
1770,False,71.45128278081516,49
1771,False,-79.98641857763877,49
1772,False,57.349572798186855,49
1773,False,26.223091113789508,49
1774,False,-11.28941277461475,49
1775,False,49.77358674867375,49
1776,False,-53.69503201424027,49
1777,False,-150.02879904779905,49
1778,False,52.53255689280788,49
1779,False,-49.21097790026428,49
1780,False,43.79058848761882,49
1781,False,-1.4710460350490955,49
1782,False,-233.0062312566252,49
1783,False,-140.71992380401184,49
1784,False,-34.107823060229734,49
1785,False,-114.76206461077977,49
1786,False,-88.90431426711328,49
1787,False,-122.82873574025649,49
1788,False,-113.0831143059214,49
1789,False,2.48618684606903,49
1790,False,-27.192530134633166,49
1791,False,-346.2573424273986,49
1792,False,0.07889528684728475,49
1793,False,22.500355391767883,49
1794,False,6.127227597846286,49
1795,False,24.21115633587803,49
1796,False,-28.81693029837141,49
1797,False,-9.672258045140595,49
1798,False,100.50083502928986,49
1799,False,-16.489672031003636,49
1800,False,-137.59945695455048,49
1801,False,55.63777186704806,49
1802,False,10.189124348136346,49
1803,False,-102.88330968547277,49
1804,False,-17.010572797210273,49
1805,False,69.28940068883455,49
1806,False,33.486449658039746,49
1807,False,-29.64561034519264,49
1808,False,-42.96243622935494,49
1809,False,-23.84933148529104,49
1810,False,30.197491934151117,49
1811,False,-97.40342957033978,49
1812,False,-141.26332050061572,49
1813,False,-295.0398392903682,49
1814,False,-89.56019543430284,49
1815,False,69.47220012704564,49
1816,False,-182.02522850512952,49
1817,False,21.108545249405466,49
1818,False,-78.42922406725836,49
1819,False,-71.40753800954403,49
1820,False,9.583969284411651,49
1821,False,23.394704230795,49
1822,False,23.169191748431338,49
1823,False,-71.44238545011184,49
1824,False,-61.379413805375265,49
1825,False,-76.47991683788112,49
1826,False,-37.07496885175784,49
1827,False,-56.005044646510434,49
1828,False,-26.114237251305845,49
1829,False,-24.42353648209779,49
1830,False,-105.7349804762935,49
1831,False,-240.07217115049227,49
1832,False,-925.1682782005171,49
1833,False,-449.9736643500988,49
1834,False,66.73406307884224,49
1835,False,-114.71623740910361,49
1836,False,-90.0843644961542,49
1837,False,24.181396335796414,49
1838,False,39.05270725427784,49
1839,False,-12.707148250791665,49
1840,False,-9.49142277179295,49
1841,False,-120.14486649690798,49
1842,False,-235.0825131467106,49
1843,False,16.891725390608816,49
1844,False,-119.2938046062453,49
1845,False,79.24191654992188,49
1846,False,32.72116293370162,49
1847,False,27.147007164540327,49
1848,False,-326.09598228879315,49
1849,False,66.87062412446014,49
1850,False,-562.7074783099083,49
1851,False,26.51857688364089,49
1852,False,-313.01364324289796,49
1853,False,10.948466385892162,49
1854,False,-27.646909678332168,49
1855,False,-47.848309700433525,49
1856,False,-121.86561976964715,49
1857,False,-75.4847019694984,49
1858,False,42.7187588026857,49
1859,False,-11.027701087641818,49
1860,False,56.24135545577799,49
1861,False,-121.0663416711285,49
1862,False,-62.31932559332339,49
1863,False,-524.6163493765607,49
1864,False,-423.27948053132616,49
1865,False,12.361151415531552,49
1866,False,-85.68213997801311,49
1867,False,-42.51257613461863,49
1868,False,-44.208290484461585,49
1869,False,-32.52019426033085,49
1870,False,13.789038537214257,49
1871,False,-71.94843560176407,49
1872,False,31.31495217206691,49
1873,False,29.265084009831213,49
1874,False,-177.41206612399645,49
1875,False,-29.334256193755436,49
1876,False,-89.52107001031723,49
1877,False,-83.65293537358963,49
1878,False,-157.59627694980253,49
1879,False,24.119223969643393,49
1880,False,-88.03603162390806,49
1881,False,-295.010387756107,49
1882,False,-157.53586744993677,49
1883,False,-335.9358452845487,49
1884,False,-34.01099252570533,49
1885,False,38.00861322061314,49
1886,False,-72.11334708202445,49
1887,False,-3.418280492154665,49
1888,False,-80.8784896541923,49
1889,False,-384.8523803623808,49
1890,False,-58.242983789455465,49
1891,False,14.097637998442146,49
1892,False,-45.53118085267136,49
1893,False,-171.25516653946266,49
1894,False,-59.15125497950692,49
1895,False,51.74299102174792,49
1896,False,-46.36963472730144,49
1897,False,-666.4110973680218,49
1898,False,-85.35547007042526,49
1899,False,-17.603983632586733,49
1900,False,-55.61957018154635,49
1901,False,-146.34445908815138,49
1902,False,-79.4325333716865,49
1903,False,-93.06042524031366,49
1904,False,18.563654279272576,49
1905,False,-150.51012107177866,49
1906,False,51.256742214712794,49
1907,False,-165.22386330298528,49
1908,False,8.91688313871373,49
1909,False,47.33912737952061,49
1910,False,-116.11695163990174,49
1911,False,28.040786228970674,49
1912,False,-9.866944296307906,49
1913,False,-13.542097125742435,49
1914,False,-5.102999878117151,49
1915,False,2.8481594279508755,49
1916,False,-136.864011850591,49
1917,False,-39.07364049197786,49
1918,False,48.393994323948924,49
1919,False,-18.197623478959926,49
1920,False,-20.903779142275056,49
1921,False,-121.2336317039389,49
1922,False,-275.5650765068408,49
1923,False,18.82127640956504,49
1924,False,-31.105527772526656,49
1925,False,-9.45348788315179,49
1926,False,24.685730674340178,49
1927,False,-202.72076785231724,49
1928,False,-102.78551105331837,49
1929,False,-23.65596057304438,49
1930,False,-89.41931299787689,49
1931,False,-174.29032785761194,49
1932,False,-16.71441181162581,49
1933,False,44.43687311631569,49
1934,False,-134.04176473050933,49
1935,False,-83.99079052971862,49
1936,False,-58.31419536830667,49
1937,False,32.964516994252634,49
1938,False,-91.3393401360119,49
1939,False,-20.118541025109245,49
1940,False,-88.18421912444123,49
1941,False,-8.543096623564061,49
1942,False,15.47295898519197,49
1943,False,-949.6273269366782,49
1944,False,-36.759523031813586,49
1945,False,-126.91458282821718,49
1946,False,-165.58930531415396,49
1947,False,-146.20179832566953,49
1948,False,-33.953920964478,49
1949,False,1.0066963855987154,49
1950,False,-22.707643931059536,49
1951,False,-3.3993685798804947,49
1952,False,-9.075712779272362,49
1953,False,-212.19392515250672,49
1954,False,-44.2713150626606,49
1955,False,-21.00529726129442,49
1956,False,-135.17970480871813,49
1957,False,-103.96079118459772,49
1958,False,79.797389691053,49
1959,False,-536.0784440606242,49
1960,False,6.660173461333958,49
1961,False,-15.238560690717922,49
1962,False,-37.699259753520415,49
1963,False,28.10297509953027,49
1964,False,33.138542904488794,49
1965,False,-76.34758797460277,49
1966,False,76.59489012631667,49
1967,False,-350.4461893940452,49
1968,False,-326.00138147457136,49
1969,False,-138.33203007113227,49
1970,False,-41.22800933046351,49
1971,False,-69.73069806272822,49
1972,False,-337.0657501077612,49
1973,False,-85.83888605108945,49
1974,False,-232.23966862276487,49
1975,False,-46.50896072915066,49
1976,False,-250.87758284557924,49
1977,False,-8.829158726548927,49
1978,False,-60.039004025749016,49
1979,False,0.6722384646551021,49
1980,False,-46.155616423439824,49
1981,False,-11.006396334242005,49
1982,False,-130.76390779217377,49
1983,False,-83.98048538165645,49
1984,False,-117.12936737925168,49
1985,False,-139.64573713349859,49
1986,False,-71.68358066481117,49
1987,False,20.236102116649985,49
1988,False,-132.72800634786802,49
1989,False,-61.59885817832859,49
1990,False,-43.38545463770134,49
1991,False,-548.0821656351878,49
1992,False,-289.90644281803725,49
1993,False,-42.87663610697342,49
1994,False,-49.35236455155441,49
1995,False,-227.36607621335702,49
1996,False,18.44534306850693,49
1997,False,89.1648044464541,49
1998,False,-642.9644044815427,49
1999,False,0.7575852903133011,49
2000,False,-340.2333457061896,49
2001,False,26.966523644980676,49
2002,False,74.19256663179807,49
2003,False,-239.26019045319657,49
2004,False,1.5293526418042092,49
2005,False,9.298773794096704,49
2006,False,-224.4569592897255,49
2007,False,-63.94440973147137,49
2008,False,46.091687624573225,49
2009,False,-228.5761060708045,49
2010,False,-43.55779896775841,49
2011,False,-61.54165805526087,49
2012,False,-6.4009394654546306,49
2013,False,-108.45498123934631,49
2014,False,20.902850406610057,49
2015,False,-254.76317171748414,49
2016,False,45.2758343804085,49
2017,False,-241.24099742631907,49
2018,False,99.05548014090625,49
2019,False,-139.68423517563275,49
2020,False,-336.35356962599025,49
2021,False,-163.7633971202294,49
2022,False,-3099.305964124098,49
2023,False,-363.0182815154276,49
2024,False,-48.690725134482754,49
2025,False,-81.9760099212212,49
2026,False,-9.821079340340638,49
2027,False,-3.734256495836931,49
2028,False,42.80656275707464,49
2029,False,35.285088288079976,49
2030,False,-85.41300792740083,49
2031,False,-191.24551001780708,49
2032,False,-106.82161721768529,49
2033,False,-25.039123408863457,49
2034,False,-149.26126889987444,49
2035,False,-161.28741403154336,49
2036,False,-184.84307502614507,49
2037,False,-23.738051021748674,49
2038,False,40.37515620502225,49
2039,False,-162.61900618787132,49
2040,False,-608.7956214418821,49
2041,False,-107.02882455340512,49
2042,False,2.0500572756162256,49
2043,False,-39.89351535883709,49
2044,False,-77.53646319142626,49
2045,False,49.90416262977272,49
2046,False,-60.96010586117274,49
2047,False,-57.986450962921225,49
2048,False,-30.914030565557795,49
2049,False,38.256967718317156,49
2050,False,-172.09591995215771,49
2051,False,43.26673953269659,49
2052,False,25.60883107471451,49
2053,False,-40.117685747616676,49
2054,False,47.84983875297941,49
2055,False,-25.60988322759136,49
2056,False,31.384726888975216,49
2057,False,77.2058759127056,49
2058,False,65.06146700869718,49
2059,False,-74.11168232843356,49
2060,False,8.075445152032039,49
2061,False,-28.45817967173175,49
2062,False,-107.6011286996794,49
2063,False,32.47351631582798,49
2064,False,-199.03240677377548,49
2065,False,63.90282848114454,49
2066,False,-63.65725210615604,49
2067,False,62.44252058283947,49
2068,False,-391.813979523053,49
2069,False,-315.7596844198906,49
2070,False,-1592.366359860618,49
2071,False,-93.74581503496417,49
2072,False,49.977062571909705,49
2073,False,-43.322417997468946,49
2074,False,-42.96043814219288,49
2075,False,-149.19524016369286,49
2076,False,13.35643423540861,49
2077,False,-174.60737760237026,49
2078,False,-197.65812086412402,49
2079,False,23.205984213996782,49
2080,False,-387.74953336810705,49
2081,False,-92.55781039544621,49
2082,False,-841.3598095790398,49
2083,False,-452.1837135190628,49
2084,False,-253.68924954259256,49
2085,False,-297.2712528466167,49
2086,False,-156.83325595856186,49
2087,False,51.14630604487982,49
2088,False,6.510062916626445,49
2089,False,-259.9112618071584,49
2090,False,-117.51465929359219,49
2091,False,-16.198647840018566,49
2092,False,0.7032729414823677,49
2093,False,-29.15797790427876,49
2094,False,66.39859971366644,49
2095,False,-20.925896248526318,49
2096,False,-88.04285115977889,49
2097,False,-40.893877996492826,49
2098,False,-32.12022541421342,49
2099,False,-72.16702374181061,49
2100,False,-196.22330519099785,49
2101,False,37.136280501151845,49
2102,False,-49.33327208240425,49
2103,False,-58.79834094737498,49
2104,False,25.05997626265086,49
2105,False,-0.005781019096654738,49
2106,False,-137.31089518038974,49
2107,False,-41.58683631925549,49
2108,False,49.31556535553517,49
2109,False,-77.99455873048214,49
2110,False,-30.21126830909405,49
2111,False,-16.514884124922553,49
2112,False,-57.698955583315545,49
2113,False,40.43763212015469,49
2114,False,-163.3633968829749,49
2115,False,-57.34314317582536,49
2116,False,-14.033343333156068,49
2117,False,-60.787609405518815,49
2118,False,36.87392670171547,49
2119,False,7.284170971639547,49
2120,False,-68.81118948785092,49
2121,False,-48.05890790499706,49
2122,False,-238.84202648650538,49
2123,False,-66.6672108156155,49
2124,False,71.09047137238721,49
2125,False,-190.8355999837616,49
2126,False,-91.28388760724246,49
2127,False,-73.7032348111431,49
2128,False,-25.07529902672335,49
2129,False,36.27550909844084,49
2130,False,-194.70290981924268,49
2131,False,-29.656029434650733,49
2132,False,-258.86966200564825,49
2133,False,-5.704595955897162,49
2134,False,-52.75382625961713,49
2135,False,-370.689486023747,49
2136,False,-222.89540485275901,49
2137,False,18.384562779302282,49
2138,False,-41.23311629814134,49
2139,False,-0.6392832444186318,49
2140,False,-83.26487102664213,49
2141,False,-176.24035070193156,49
2142,False,-113.51921513767348,49
2143,False,-375.80610165805336,49
2144,False,32.75724051458869,49
2145,False,-53.14774187852563,49
2146,False,-106.32485598866273,49
2147,False,3.867259797638628,49
2148,False,51.90206037795629,49
2149,False,13.137134776852726,49
2150,False,1.2669015494238636,49
2151,False,37.85010330485366,49
2152,False,25.899054187521983,49
2153,False,-130.50245492155156,49
2154,False,-182.53484348818495,49
2155,False,33.22150242159974,49
2156,False,-83.81783308626007,49
2157,False,10.915348065825768,49
2158,False,36.7468162567221,49
2159,False,-26.194069294664374,49
2160,False,-188.38949236015537,49
2161,False,-41.92380531496251,49
2162,False,-0.5238250058829408,49
2163,False,-66.72027356023104,49
2164,False,-31.593917475358964,49
2165,False,68.3448255477715,49
2166,False,16.058474508793367,49
2167,False,-177.4076202631941,49
2168,False,-178.3834081155344,49
2169,False,-4.7152833335967514,49
2170,False,-52.97881575632878,49
2171,False,-163.39957614646016,49
2172,False,-73.87640723380102,49
2173,False,-685.6874043078974,49
2174,False,38.32204500428265,49
2175,False,-9.004594686740148,49
2176,False,-124.32235790553823,49
2177,False,-27.629416187675055,49
2178,False,-190.63484131940817,49
2179,False,-9.176701605150448,49
2180,False,-13.252019072840985,49
2181,False,-40.707929295679065,49
2182,False,-279.1597420583998,49
2183,False,46.135822404951874,49
2184,False,-133.89757389352735,49
2185,False,8.473164906822916,49
2186,False,-36.57537213281334,49
2187,False,-259.90599149399566,49
2188,False,-186.51328094931648,49
2189,False,-50.28724199594949,49
2190,False,55.01163392828269,49
2191,False,-4.081946515350548,49
2192,False,-196.81595718555894,49
2193,False,-103.79149220899129,49
2194,False,-226.91595918034676,49
2195,False,18.745866858053425,49
2196,False,-5.995565859428277,49
2197,False,-121.2814247694368,49
2198,False,-94.02377845052374,49
2199,False,-59.30229876617736,49
2200,False,-64.13720376990415,49
2201,False,-15.922277584163464,49
2202,False,34.198160225985845,49
2203,False,-50.20309861650796,49
2204,False,26.753368470387297,49
2205,False,-9.49807151137206,49
2206,False,9.428602956083163,49
2207,False,-70.19489781489891,49
2208,False,24.943319777732334,49
2209,False,-307.6598684905766,49
2210,False,97.78308828710722,49
2211,False,-120.68020482412551,49
2212,False,39.77666456529945,49
2213,False,-24.56758578774997,49
2214,False,-42.096151747730865,49
2215,False,77.5356606703862,49
2216,False,-2.6911414928111577,49
2217,False,-1045.3831348271965,49
2218,False,-88.18239789455379,49
2219,False,96.86349480873363,49
2220,False,-30.427760358494684,49
2221,False,26.014318460146054,49
2222,False,-223.21776536905185,49
2223,False,40.50988102027176,49
2224,False,28.217969019327924,49
2225,False,-44.744230875870855,49
2226,False,-147.9030469859975,49
2227,False,4.575496754093869,49
2228,False,-12.359145709141387,49
2229,False,31.422311140852372,49
2230,False,15.524592193635186,49
2231,False,-58.3549833628156,49
2232,False,56.251095902709636,49
2233,False,-59.39122873727938,49
2234,False,38.000421245994346,49
2235,False,-43.021013638333656,49
2236,False,-355.0127921805814,49
2237,False,-63.76423656278944,49
2238,False,-133.6440640022471,49
2239,False,-2.025050705816339,49
2240,False,-339.9128234037117,49
2241,False,24.12581649503774,49
2242,False,42.71791697986956,49
2243,False,-476.7545782989213,49
2244,False,75.99297100088349,49
2245,False,5.868502447431204,49
2246,False,11.521339743861942,49
2247,False,-91.61599245673652,49
2248,False,-145.1950569833523,49
2249,False,30.982088220254443,49
2250,False,-14.759070422653805,49
2251,False,-15.203701131953126,49
2252,False,-256.11429253921295,49
2253,False,-51.24732977186936,49
2254,False,-60.67357308289016,49
2255,False,71.56661967255599,49
2256,False,13.918351622769677,49
2257,False,-39.88075638194795,49
2258,False,53.48928503752079,49
2259,False,43.10773496543434,49
2260,False,-218.4492640324655,49
2261,False,50.421956932658645,49
2262,False,20.848371649281255,49
2263,False,-131.80422322713753,49
2264,False,-191.80906052874485,49
2265,False,-48.844817209195185,49
2266,False,-1218.933748941328,49
2267,False,-162.59226160555832,49
2268,False,-5.916795072364122,49
2269,False,-157.30298183219534,49
2270,False,-97.10410233311,49
2271,False,46.79589556519758,49
2272,False,-325.3198553555157,49
2273,False,-33.983179228887494,49
2274,False,-97.87364030895209,49
2275,False,-56.37567484374701,49
2276,False,-34.017116885934755,49
2277,False,-115.5085912908801,49
2278,False,-46.15804660515563,49
2279,False,-31.222028007991728,49
2280,False,-261.8163148677545,49
2281,False,-55.860676827927506,49
2282,False,13.103883161496057,49
2283,False,-70.07138825862563,49
2284,False,34.056115700165854,49
2285,False,-4.588832238593557,49
2286,False,-20.784431952077504,49
2287,False,-26.87643061117806,49
2288,False,-16.656397120812926,49
2289,False,83.77748923915443,49
2290,False,6.476853441341207,49
2291,False,39.99361038820993,49
2292,False,82.37346980095849,49
2293,False,-258.9266669815252,49
2294,False,-101.8005490200155,49
2295,False,11.428892090484048,49
2296,False,-215.9560218533593,49
2297,False,-24.367988254394305,49
2298,False,-39.734657722156335,49
2299,False,-1076.3669539791765,49
2300,False,47.83789839398165,49
2301,False,-50.70006434122046,49
2302,False,48.977076689905736,49
2303,False,-32.96011009470648,49
2304,False,-303.2349350355142,49
2305,False,-100.31694745972729,49
2306,False,39.290168021166934,49
2307,False,64.1702722763093,49
2308,False,-4.460903708893688,49
2309,False,84.6272689632924,49
2310,False,-180.15978586143328,49
2311,False,-267.0409073648791,49
2312,False,-274.640838845251,49
2313,False,-3.512874815323144,49
2314,False,-181.62751091518803,49
2315,False,-80.41117175660514,49
2316,False,49.54037583119843,49
2317,False,-1.0186217189040843,49
2318,False,-270.1316064317207,49
2319,False,65.70542385742357,49
2320,False,15.826580420792855,49
2321,False,92.65647266078416,49
2322,False,-93.74303795006104,49
2323,False,18.773154605655904,49
2324,False,-33.518418167161215,49
2325,False,7.318056407575327,49
2326,False,-67.99850910367232,49
2327,False,-280.87386479962714,49
2328,False,-21.242840402390854,49
2329,False,10.747584550870034,49
2330,False,-91.00909077892747,49
2331,False,11.08784322030263,49
2332,False,53.451676220129116,49
2333,False,-246.70961972531603,49
2334,False,39.003674459317786,49
2335,False,38.67392569381555,49
2336,False,-59.48893860479518,49
2337,False,99.0945321838223,49
2338,False,21.838256846196238,49
2339,False,59.71927769260438,49
2340,False,-264.4998474488404,49
2341,False,-25.955976017645757,49
2342,False,-3.800271348714304,49
2343,False,49.72469172753847,49
2344,False,29.92434473368974,49
2345,False,46.154728016676195,49
2346,False,53.07218612952467,49
2347,False,-22.670380042608556,49
2348,False,-161.48463106609302,49
2349,False,42.97988541312749,49
2350,False,36.30754885117365,49
2351,False,95.29946491330715,49
2352,False,-137.07721789032703,49
2353,False,56.3167917614129,49
2354,False,-42.17071380414682,49
2355,False,3.415478264306138,49
2356,False,-3.939505646558688,49
2357,False,42.50108293080574,49
2358,False,-9.394516189050044,49
2359,False,-152.2597159912152,49
2360,False,2.5525826716077944,49
2361,False,-76.52711182441493,49
2362,False,-150.54957281815558,49
2363,False,30.257210333326128,49
2364,False,-232.23954396940292,49
2365,False,57.893881473229506,49
2366,False,45.96271263482099,49
2367,False,-35.881104688670554,49
2368,False,-34.87314846539351,49
2369,False,-174.48712388343216,49
2370,False,-15.591360213405775,49
2371,False,-63.751926383143406,49
2372,False,-171.8538149327248,49
2373,False,-30.56171830481975,49
2374,False,-84.04406678976082,49
2375,False,-41.975260890016926,49
2376,False,14.906158878080156,49
2377,False,21.421704439113086,49
2378,False,-399.86167865505666,49
2379,False,-134.30351858572803,49
2380,False,22.212376285516783,49
2381,False,43.419274754013784,49
2382,False,45.0291509478394,49
2383,False,36.44012984508538,49
2384,False,-10.051379034936208,49
2385,False,-94.48177718833112,49
2386,False,16.801464215219823,49
2387,False,-162.6438910803597,49
2388,False,36.947564724603666,49
2389,False,34.981727302456456,49
2390,False,95.68866705181772,49
2391,False,-115.7268965027261,49
2392,False,-9.080423851834086,49
2393,False,32.72898459367808,49
2394,False,-36.45453055719487,49
2395,False,29.27198179697977,49
2396,False,-67.14554259523194,49
2397,False,94.26130095356368,49
2398,False,-21.593124159483615,49
2399,False,-54.75863517277099,49
2400,False,-68.35032224258723,49
2401,False,-47.119055300419504,49
2402,False,24.049918163727167,49
2403,False,-10.295832976600423,49
2404,False,29.40760829707117,49
2405,False,90.83892057348851,49
2406,False,22.88982697286704,49
2407,False,-173.2110053234249,49
2408,False,-147.6559394638005,49
2409,False,60.93792259474817,49
2410,False,31.08170515765133,49
2411,False,56.060975760832626,49
2412,False,-39.04544266249796,49
2413,False,-33.906305563700556,49
2414,False,78.63489472911607,49
2415,False,-87.03903368401032,49
2416,False,-27.811234687691822,49
2417,False,-67.21709068675689,49
2418,False,47.5057388734518,49
2419,False,16.945619022654274,49
2420,False,-425.0771117353542,49
2421,False,50.15467486182057,49
2422,False,-83.15937972594388,49
2423,False,13.333952037789526,49
2424,False,22.651186915802295,49
2425,False,86.0756612117519,49
2426,False,-238.06715365497712,49
2427,False,63.68128480928578,49
2428,False,-8.163066937209187,49
2429,False,46.2480556380751,49
2430,False,22.532155085904176,49
2431,False,-52.04274629167164,49
2432,False,41.068979740632315,49
2433,False,-57.82525179089589,49
2434,False,89.51152252658434,49
2435,False,51.42611391678072,49
2436,False,-154.7886601143733,49
2437,False,-104.30723457340156,49
2438,False,70.96345948594097,49
2439,False,-148.13074395569416,49
2440,False,41.045370474941706,49
2441,False,37.70166174265211,49
2442,False,-35.90163806002384,49
2443,False,-27.055373722480645,49
2444,False,45.354735319681694,49
2445,False,0.9726587489146823,49
2446,False,89.55770342401505,49
2447,False,70.09742903664343,49
2448,False,-117.39722760083693,49
2449,False,-13.647851224134696,49
2450,False,32.54430692377155,49
2451,False,-1.2392686041225716,49
2452,False,41.79078148900405,49
2453,False,-29.103617292077008,49
2454,False,27.869445354656392,49
2455,False,42.73651893466488,49
2456,False,-70.70611834601162,49
2457,False,-80.29889252338988,49
2458,False,28.758654037028343,49
2459,False,95.40553340772327,49
2460,False,95.47591961760375,49
2461,False,-81.04743133138916,49
2462,False,-167.89292616895747,49
2463,False,92.82697509469338,49
2464,False,-104.27507317851924,49
2465,False,79.25854501062663,49
2466,False,5.274316694846578,49
2467,False,68.02525677043101,49
2468,False,80.24376352227506,49
2469,False,7.327891070215977,49
2470,False,-82.49193373152877,49
2471,False,26.186368037113535,49
2472,False,-51.19764215336707,49
2473,False,53.903041736121345,49
2474,False,-25.50788342036659,49
2475,False,-40.643550105372846,49
2476,False,-347.8042638574377,49
2477,False,-148.65988674833332,49
2478,False,73.54298755411082,49
2479,False,-133.2942815507366,49
2480,False,69.32711629352721,49
2481,False,-0.8102399836071363,49
2482,False,63.89959338480267,49
2483,False,64.31538618890488,49
2484,False,-78.31613906479218,49
2485,False,66.8325080034016,49
2486,False,-619.0507871032779,49
2487,False,91.72858178722201,49
2488,False,5.15084363632033,49
2489,False,-270.42600394468957,49
2490,False,13.285858621085108,49
2491,False,-65.32367728316703,49
2492,False,-561.2023789611387,49
2493,False,10.432249717035095,49
2494,False,-14.921243841599617,49
2495,False,96.1315688918707,49
2496,False,-57.564608418485165,49
2497,False,-57.62028743308986,49
2498,False,64.35048474542447,49
2499,False,83.66692176519713,49
2500,False,-54.86859929686845,49
2501,False,-229.905648710446,49
2502,False,78.35459730048365,49
2503,False,-257.3506498549836,49
2504,False,18.39388615391611,49
2505,False,-69.72833239742278,49
2506,False,-7.322094208254725,49
2507,False,-9.653221824735994,49
2508,False,-165.49881681167918,49
2509,False,51.9895395653211,49
2510,False,-20.776952746841367,49
2511,False,13.938677638784762,49
2512,False,16.082454509907635,49
2513,False,16.555456172298392,49
2514,False,-82.43065727649702,49
2515,False,-76.25534104513704,49
2516,False,-120.12099299696085,49
2517,False,21.007423032511156,49
2518,False,76.70239423352432,49
2519,False,-13.046489303912221,49
2520,False,72.40083242224854,49
2521,False,91.42215304111089,49
2522,False,-119.98737467046637,49
2523,False,33.42587727312721,49
2524,False,44.64205560859057,49
2525,False,29.98363154874453,49
2526,False,-240.1000470877318,49
2527,False,77.48322031117775,49
2528,False,-19.24695502575673,49
2529,False,-203.20127451179627,49
2530,False,71.30359421347609,49
2531,False,28.121885369910952,49
2532,False,-243.27166125108928,49
2533,False,54.49031063324764,49
2534,False,88.68055580131943,49
2535,False,-141.914879710396,49
2536,False,14.410680277601294,49
2537,False,49.24524240380728,49
2538,False,61.11729884394643,49
2539,False,13.824362174175969,49
2540,False,-18.05327517739088,49
2541,False,-160.58282817276935,49
2542,False,-99.52252464842192,49
2543,False,-1.173229837925291,49
2544,False,-176.43542322827392,49
2545,False,3.4772134122506912,49
2546,False,8.885304295657434,49
2547,False,34.75729436546529,49
2548,False,-852.3630721359062,49
2549,False,24.319549474849616,49
2550,False,30.120642882463866,49
2551,False,-99.95291785920547,49
2552,False,80.62995304120699,49
2553,False,-100.57792447776893,49
2554,False,37.592175976082686,49
2555,False,-291.0837843053708,49
2556,False,-100.58648312783494,49
2557,False,66.06712505928847,49
2558,False,-94.88224118508504,49
2559,False,109.02000419546096,49
2560,False,8.258903814527486,49
2561,False,12.42537541218902,49
2562,False,-78.95214648276195,49
2563,False,-24.756862342877504,49
2564,False,16.440335558063076,49
2565,False,35.3070385007444,49
2566,False,75.09044630594111,49
2567,False,-21.93125038259832,49
2568,False,-94.71909601687302,49
2569,False,-36.82860361904234,49
2570,False,25.99959659115972,49
2571,False,50.331519853788215,49
2572,False,55.95177586022599,49
2573,False,100.56655967319917,49
2574,False,78.37565181141866,49
2575,False,37.44579813371499,49
2576,False,38.833592626118666,49
2577,False,-130.88597867643816,49
2578,False,-41.37889646206325,49
2579,False,-122.11326568345692,49
2580,False,18.626640367862976,49
2581,False,32.264232926901826,49
2582,False,31.02861303242775,49
2583,False,-52.01570651657278,49
2584,False,-58.18821407515868,49
2585,False,-112.79422656905437,49
2586,False,-274.2657219839258,49
2587,False,36.845354972809986,49
2588,False,47.062894768292274,49
2589,False,20.699774087287704,49
2590,False,-83.28241743399177,49
2591,False,-174.97027320173632,49
2592,False,-144.67544352335432,49
2593,False,-49.371362271079775,49
2594,False,91.42142199388275,49
2595,False,14.793906586595192,49
2596,False,-44.69407848229753,49
2597,False,73.48392079732085,49
2598,False,-183.35382061989617,49
2599,False,-128.40657880283845,49
2600,False,-161.11998243467966,49
2601,False,3.5701351067039155,49
2602,False,-92.04191573319643,49
2603,False,-48.85290934384628,49
2604,False,34.25371771281289,49
2605,False,45.86653960036545,49
2606,False,76.27832539202612,49
2607,False,-21.913211862659637,49
2608,False,42.1394704139066,49
2609,False,73.15367985203572,49
2610,False,53.87665417112716,49
2611,False,27.995153046555977,49
2612,False,-10.32190805063222,49
2613,False,-220.41364891588472,49
2614,False,-32.778275991016386,49
2615,False,29.21257140349647,49
2616,False,-350.98801054951207,49
2617,False,7.071276946527327,49
2618,False,47.52108132037514,49
2619,False,57.57338458524231,49
2620,False,14.452403379456912,49
2621,False,-480.5490022886105,49
2622,False,-12.265225188554158,49
2623,False,18.351229199968145,49
2624,False,-204.95282444002595,49
2625,False,-33.66458211249924,49
2626,False,102.79449772082957,49
2627,False,56.28808768882783,49
2628,False,65.72874239333078,49
2629,False,-22.3399280016747,49
2630,False,38.5676512042161,49
2631,False,-7.431804929191486,49
2632,False,28.288201492631096,49
2633,False,26.116002859001043,49
2634,False,-135.06477034586237,49
2635,False,-100.53401436637252,49
2636,False,-29.58581551628096,49
2637,False,25.051674444225664,49
2638,False,84.64770017592662,49
2639,False,55.36950734209209,49
2640,False,-38.81010193654972,49
2641,False,65.27207225389657,49
2642,False,-91.58459275640686,49
2643,False,9.223793094620653,49
2644,False,-76.26328287717472,49
2645,False,-4.680463368937303,49
2646,False,71.18339435554627,49
2647,False,-82.91422836803675,49
2648,False,35.32356705337013,49
2649,False,82.57281930211575,49
2650,False,17.55545392339518,49
2651,False,-71.64290654562254,49
2652,False,64.47188642349867,49
2653,False,-137.56633595429412,49
2654,False,-89.2833433106367,49
2655,False,-37.663327739279865,49
2656,False,46.2241874964126,49
2657,False,-14.207493145451407,49
2658,False,-122.97875580379207,49
2659,False,13.893005504974035,49
2660,False,-438.6031081348714,49
2661,False,62.87968502872717,49
2662,False,58.41533261285157,49
2663,False,3.353844056559905,49
2664,False,31.162870181829568,49
2665,False,-65.07176853120191,49
2666,False,64.81277180255984,49
2667,False,12.740522012488569,49
2668,False,-76.11118780811788,49
2669,False,36.47256380100926,49
2670,False,-4.275352166094658,49
2671,False,-104.78159968005829,49
2672,False,-22.453655073098457,49
2673,False,13.226289642861815,49
2674,False,79.71619207996592,49
2675,False,-109.31776315861451,49
2676,False,101.2621511132564,49
2677,False,10.027455027276876,49
2678,False,-300.8055864736419,49
2679,False,106.91090556784403,49
2680,False,43.70484412639197,49
2681,False,-78.47869333030035,49
2682,False,-118.26387578748825,49
2683,False,-170.11963861311585,49
2684,False,-110.34524261275773,49
2685,False,-29.860320324792063,49
2686,False,-265.2777677046365,49
2687,False,44.337571259632085,49
2688,False,33.98352950486447,49
2689,False,-67.25439644701473,49
2690,False,43.8463934953151,49
2691,False,-41.204463256839254,49
2692,False,41.32775743440112,49
2693,False,50.48257126458471,49
2694,False,15.600704173825404,49
2695,False,46.199927341928635,49
2696,False,-1.0538147964090223,49
2697,False,26.7367827427913,49
2698,False,13.40134709166685,49
2699,False,-2.2276769795694076,49
2700,False,43.11356961635602,49
2701,False,-206.34305208705527,49
2702,False,-90.98233833674811,49
2703,False,30.150601806156587,49
2704,False,86.34108790498001,49
2705,False,-68.74065341178284,49
2706,False,47.83946054207317,49
2707,False,-111.60808411447682,49
2708,False,83.44758022508495,49
2709,False,-79.5298983900532,49
2710,False,91.68447497549691,49
2711,False,-15.880309798542125,49
2712,False,5.047260525370092,49
2713,False,-132.48691872701488,49
2714,False,-54.019447054698674,49
2715,False,50.048040116669846,49
2716,False,56.32562473828188,49
2717,False,25.108982383507904,49
2718,False,-465.7678221307528,49
2719,False,8.021786098167368,49
2720,False,-90.7606499524498,49
2721,False,19.679072205716086,49
2722,False,22.332179930210984,49
2723,False,-0.7261054535355651,49
2724,False,55.06033398501734,49
2725,False,15.68102097239938,49
2726,False,17.708272508363095,49
2727,False,-16.14455218981621,49
2728,False,-12.474875328093226,49
2729,False,-24.91790592497564,49
2730,False,-4.756083973452636,49
2731,False,42.224505965803345,49
2732,False,67.70479365630683,49
2733,False,103.39039808515352,49
2734,False,56.1002472348553,49
2735,False,37.064307290555014,49
2736,False,-11.754526323630541,49
2737,False,42.38081788511774,49
2738,False,-35.73274753350573,49
2739,False,-70.07018405053925,49
2740,False,-199.8548106932911,49
2741,False,70.7649337716402,49
2742,False,-58.86747161155172,49
2743,False,-2.436445366881941,49
2744,False,-231.40110321539822,49
2745,False,-9.615516657425488,49
2746,False,76.39218992318746,49
2747,False,-13.172918825925379,49
2748,False,50.288400314980166,49
2749,False,-103.76407552697316,49
2750,False,-80.22828281588195,49
2751,False,29.129707172895763,49
2752,False,-26.07705644403464,49
2753,False,-232.97791033890059,49
2754,False,-44.99721778223649,49
2755,False,77.59692864842158,49
2756,False,17.116543427336453,49
2757,False,-116.70136137420465,49
2758,False,64.89908071535136,49
2759,False,45.289758206214195,49
2760,False,59.3244769456515,49
2761,False,-25.09669211225405,49
2762,False,-123.85203967003264,49
2763,False,95.91620465848017,49
2764,False,103.74022456084624,49
2765,False,-8.747473547093872,49
2766,False,38.02888680568704,49
2767,False,80.49740815915375,49
2768,False,49.26973197461871,49
2769,False,45.248964384344276,49
2770,False,56.14725198917529,49
2771,False,90.75674247174487,49
2772,False,-91.41232781313758,49
2773,False,10.464136204799576,49
2774,False,78.75835695422717,49
2775,False,-24.535757923959707,49
2776,False,-38.87902476698637,49
2777,False,11.393496132117033,49
2778,False,-76.47515542327625,49
2779,False,41.061707818820295,49
2780,False,-53.17753222159727,49
2781,False,104.99071374367581,49
2782,False,-307.5121586448,49
2783,False,-183.9162543028345,49
2784,False,95.54348673144379,49
2785,False,37.67746331458141,49
2786,False,39.80492248645119,49
2787,False,67.52167584482372,49
2788,False,-26.656350998644648,49
2789,False,-47.6796201696347,49
2790,False,-35.181268975919686,49
2791,False,82.8002699385667,49
2792,False,7.207647249773199,49
2793,False,-126.1061917276386,49
2794,False,49.66007663836016,49
2795,False,-54.01310474124567,49
2796,False,89.69316324649486,49
2797,False,37.78398498872137,49
2798,False,-69.24080116446935,49
2799,False,1.8489764858355855,49
2800,False,-21.488403101867803,49
2801,False,62.46506990244961,49
2802,False,22.880639586163248,49
2803,False,3.27156650353605,49
2804,False,24.485201179764857,49
2805,False,67.72068168289164,49
2806,False,56.839320140560076,49
2807,False,43.00905450026728,49
2808,False,-84.25328590154668,49
2809,False,28.9998718487806,49
2810,False,32.73722100918825,49
2811,False,-118.0000937443419,49
2812,False,-245.35547671610047,49
2813,False,-54.359046720484834,49
2814,False,-41.114906427768815,49
2815,False,76.76238884914108,49
2816,False,79.74387974594583,49
2817,False,86.15349215952344,49
2818,False,61.582443035163195,49
2819,False,-3.5527014968107693,49
2820,False,20.76406356478776,49
2821,False,-62.16695265719689,49
2822,False,-161.3238414871409,49
2823,False,-144.3805085061578,49
2824,False,-59.62252321332768,49
2825,False,51.13072961254706,49
2826,False,36.599214728760955,49
2827,False,-55.99958627408148,49
2828,False,63.05997949603629,49
2829,False,-37.29649474750308,49
2830,False,96.62521550033259,49
2831,False,66.4098530031192,49
2832,False,-20.253856363108994,49
2833,False,34.10317589762304,49
2834,False,80.7846800964088,49
2835,False,118.06634508111894,49
2836,False,-116.5790437440425,49
2837,False,24.174439637970647,49
2838,False,-49.99412055696339,49
2839,False,46.48648809567362,49
2840,False,34.38086755117869,49
2841,False,29.558910640145868,49
2842,False,77.89598028715382,49
2843,False,97.77978812609068,49
2844,False,-56.321608724202505,49
2845,False,105.12804500899958,49
2846,False,57.51784028369066,49
2847,False,-165.22070040224938,49
2848,False,-39.77734673668297,49
2849,False,48.149364698189025,49
2850,False,40.57933961119559,49
2851,False,73.18402365980161,49
2852,False,107.88735030880329,49
2853,False,56.757688245821036,49
2854,False,65.60702537926461,49
2855,False,39.74799197935201,49
2856,False,70.9686504629383,49
2857,False,80.04279261226117,49
2858,False,79.07492864337023,49
2859,False,53.41583510963248,49
2860,False,36.522300216743794,49
2861,False,71.08217570585525,49
2862,False,95.75464681650527,49
2863,False,91.44792278754697,49
2864,False,74.54295194263078,49
2865,False,90.10350843051347,49
2866,False,-417.78567622522485,49
2867,False,-14.567851751365847,49
2868,False,-89.17035845263749,49
2869,False,50.78375241612809,49
2870,False,78.15636549376995,49
2871,False,63.525365280181646,49
2872,False,104.7418608141873,49
2873,False,-381.41543583641317,49
2874,False,89.89210351035068,49
2875,False,74.75376007558631,49
2876,False,-140.4089335772979,49
2877,False,98.27738182391883,49
2878,False,31.89291336550606,49
2879,False,3.2632224721934797,49
2880,False,-91.97730365370606,49
2881,False,82.47115299932668,49
2882,False,16.66318029972046,49
2883,False,72.5497360310833,49
2884,False,-121.41168587198123,49
2885,False,-18.919417642725115,49
2886,False,34.89319388993892,49
2887,False,-39.873469282657126,49
2888,False,-5.956690963806339,49
2889,False,-68.56305533766277,49
2890,False,35.97888565339463,49
2891,False,35.2241924902121,49
2892,False,84.7017152711827,49
2893,False,-103.15881313851496,49
2894,False,42.3566509127889,49
2895,False,92.14534864698297,49
2896,False,-142.4195696053547,49
2897,False,111.98186551017808,49
2898,False,-60.091619181493826,49
2899,False,52.39022044417701,49
2900,False,-32.294994358654655,49
2901,False,63.65141979245156,49
2902,False,28.132767165508724,49
2903,False,-48.48877438893808,49
2904,False,26.686788941936825,49
2905,False,20.75379255319708,49
2906,False,-27.841378109573043,49
2907,False,85.47770111029504,49
2908,False,29.773877680975534,49
2909,False,36.48231402833956,49
2910,False,115.28833140147799,49
2911,False,84.53993853052349,49
2912,False,-79.30291974442872,49
2913,False,-44.05009645333048,49
2914,False,41.27597803957435,49
2915,False,-160.6665228341694,49
2916,False,-33.21514907835051,49
2917,False,12.879952931341805,49
2918,False,-81.88154445114611,49
2919,False,33.18129804405763,49
2920,False,-54.873648826495696,49
2921,False,100.02397367790658,49
2922,False,26.97614718589049,49
2923,False,26.402058733504603,49
2924,False,-142.07678477656196,49
2925,False,-51.579354244703616,49
2926,False,49.422611639051546,49
2927,False,35.04588801877394,49
2928,False,85.50665915982339,49
2929,False,-4.263653700126724,49
2930,False,59.65946379910986,49
2931,False,55.47393018783405,49
2932,False,-77.07623427372793,49
2933,False,52.84851303788039,49
2934,False,-38.501062777058095,49
2935,False,32.574263282127674,49
2936,False,-24.33795536247338,49
2937,False,30.17327022960024,49
2938,False,53.79103469150274,49
2939,False,-275.9950335988939,49
2940,False,-88.43569493074389,49
2941,False,2.1253622521478475,49
2942,False,93.24206166761286,49
2943,False,-70.05406710469892,49
2944,False,58.683511091967716,49
2945,False,-7.487408883697761,49
2946,False,-80.94788408723024,49
2947,False,40.80518817938001,49
2948,False,-78.421458061218,49
2949,False,38.72733327173324,49
2950,False,68.53080058528384,49
2951,False,0.2376180695444674,49
2952,False,87.11780564523934,49
2953,False,29.339136921517426,49
2954,False,-115.79900479396832,49
2955,False,79.18297920168578,49
2956,False,-54.36748913682057,49
2957,False,2.059385525771704,49
2958,False,-37.7238445700314,49
2959,False,-20.307504581705487,49
2960,False,57.558247117299594,49
2961,False,39.08747284186438,49
2962,False,47.969600710426725,49
2963,False,95.76670309744053,49
2964,False,-36.23993739896868,49
2965,False,64.08487797688232,49
2966,False,59.17693678322742,49
2967,False,36.1856682163074,49
2968,False,-56.48647985975744,49
2969,False,40.17804576912806,49
2970,False,-29.945224563265203,49
2971,False,31.20289160241484,49
2972,False,34.24658955319332,49
2973,False,82.23441331352416,49
2974,False,70.19019999692607,49
2975,False,-83.50242249659944,49
2976,False,64.97362662480215,49
2977,False,21.005820286742154,49
2978,False,-213.48787548894634,49
2979,False,106.47060559880484,49
2980,False,74.29652075258124,49
2981,False,-42.37357917701645,49
2982,False,6.701803817567864,49
2983,False,29.252482078877296,49
2984,False,-78.27194132283765,49
2985,False,43.90053096578928,49
2986,False,87.42213683606778,49
2987,False,54.45152435464577,49
2988,False,32.006651890673226,49
2989,False,-41.225371629543716,49
2990,False,8.130199430932453,49
2991,False,32.71372280354696,49
2992,False,51.27734336365054,49
2993,False,-63.72471974982744,49
2994,False,-20.5438061868454,49
2995,False,51.23154958110891,49
2996,False,93.77855631543635,49
2997,False,78.76375965620029,49
2998,False,-45.484120577664456,49
2999,False,62.978874126257324,49
