0,False,-150.85171366156172,49
1,False,45.44928989970769,49
2,False,-236.97819237385644,49
3,False,-14.28933901561775,49
4,False,-111.5483507532695,49
5,False,-104.84955827494299,49
6,False,-40.67531311141229,49
7,False,-82.64085261737036,49
8,False,36.48495895243256,49
9,False,-41.07887507827646,49
10,False,-189.8748231899092,49
11,False,-161.50938496540897,49
12,False,-4.624656538625587,49
13,False,-231.56954159191403,49
14,False,-79.62422297140441,49
15,False,-94.67360390535424,49
16,False,-22.472013260082218,49
17,False,-59.038273565646314,49
18,False,-371.09114824691403,49
19,False,-68.89245925195918,49
20,False,-63.55565278563868,49
21,False,-131.90006886049207,49
22,False,-73.33926205916832,49
23,False,-160.3941518787039,49
24,False,-453.10210740754263,49
25,False,-41.83084365867486,49
26,False,78.41761299372452,49
27,False,-39.10143277825801,49
28,False,-105.46539144580086,49
29,False,-267.6156434482164,49
30,False,-201.10572937684623,49
31,False,-31.946154332902022,49
32,False,-24.26526370121468,49
33,False,-88.17558490436983,49
34,False,-37.31358621602255,49
35,False,-278.9919918589206,49
36,False,23.19243888471989,49
37,False,-333.3071168565852,49
38,False,-151.5740264443225,49
39,False,44.57487055641815,49
40,False,74.52913452974275,49
41,False,-324.18665581415246,49
42,False,26.18730823017539,49
43,False,61.92485386438795,49
44,False,-23.803771163278522,49
45,False,-36.817022923761,49
46,False,-315.06866559962026,49
47,False,-55.971845807043,49
48,False,-59.226430305831855,49
49,False,21.855949376249622,49
50,False,-73.40084536732851,49
51,False,-362.7975951470422,49
52,False,-111.71061187878118,49
53,False,50.91310528779797,49
54,False,27.3751115867192,49
55,False,-66.52145419834005,49
56,False,-267.4988119408181,49
57,False,-116.08543353219761,49
58,False,-147.00686957245586,49
59,False,17.852241816215624,49
60,False,-66.89691206781139,49
61,False,29.047229457787523,49
62,False,86.44419618903358,49
63,False,-164.18341135985162,49
64,False,-415.30052788458624,49
65,False,-73.33136715257864,49
66,False,-45.5036981419188,49
67,False,-48.71903362343211,49
68,False,-98.88854968501398,49
69,False,-63.66491511620701,49
70,False,-1037.1216722719587,49
71,False,9.650682306416691,49
72,False,-139.0839684081378,49
73,False,-71.28876544315875,49
74,False,-53.688343961030505,49
75,False,-13.914930232525077,49
76,False,-3.0935222508533897,49
77,False,-70.31198454870132,49
78,False,-178.42580310356647,49
79,False,-106.23373682069068,49
80,False,17.53202216941679,49
81,False,-40.960985851913996,49
82,False,-20.532770446461633,49
83,False,89.5233595560637,49
84,False,-291.5932487211051,49
85,False,-75.44683640243208,49
86,False,-266.0800133176107,49
87,False,42.663816459366046,49
88,False,-72.18963309364575,49
89,False,-312.75717274444384,49
90,False,-104.33577524808132,49
91,False,-142.1472282437904,49
92,False,35.10691911733668,49
93,False,39.7799588820647,49
94,False,12.90852728098296,49
95,False,-278.31696295806415,49
96,False,-559.5511517544511,49
97,False,61.71018279334713,49
98,False,-237.4164675582856,49
99,False,-143.16675841464962,49
100,False,80.15224536265683,49
101,False,17.192933103843945,49
102,False,-86.72789166995247,49
103,False,9.523467568065662,49
104,False,-120.93547094897033,49
105,False,-107.35024709794727,49
106,False,29.594185432800067,49
107,False,-10.601453912736474,49
108,False,-354.9061935540028,49
109,False,-42.67922791002291,49
110,False,-62.43047427280069,49
111,False,1.7635360630389094,49
112,False,-36.67420819409594,49
113,False,-299.98236085148386,49
114,False,-46.28664953631434,49
115,False,-261.7297329200876,49
116,False,-14.46919091810664,49
117,False,-273.5897732434637,49
118,False,-238.65201653279084,49
119,False,-38.87196421335266,49
120,False,-162.80881744294706,49
121,False,-72.94434397299241,49
122,False,27.106103691697797,49
123,False,-75.78727736137111,49
124,False,-83.23366441130419,49
125,False,53.97936236310055,49
126,False,-98.70413018454735,49
127,False,82.47550210013904,49
128,False,11.069537258684946,49
129,False,-1.2848976881784884,49
130,False,-27.96481682196607,49
131,False,-262.1164486772613,49
132,False,-82.69161752690947,49
133,False,-41.182167539970536,49
134,False,-113.23283405574088,49
135,False,-61.296457731873716,49
136,False,-21.805465228398354,49
137,False,-106.68765585241661,49
138,False,-195.04311656045118,49
139,False,-159.50955426128135,49
140,False,41.714431070633445,49
141,False,-105.76370122719774,49
142,False,-55.394281531430494,49
143,False,46.58231112252516,49
144,False,-14.482211487406587,49
145,False,-570.9353496253474,49
146,False,78.45881758759603,49
147,False,-104.92796536711867,49
148,False,-56.07862759665872,49
149,False,-107.56847685811346,49
150,False,-282.88570434943347,49
151,False,-159.59531546983072,49
152,False,31.100868090754425,49
153,False,-134.44288923113527,49
154,False,-67.46898426829662,49
155,False,-278.7573027841812,49
156,False,-98.43883962484765,49
157,False,-100.93724606296647,49
158,False,-28.02749240957696,49
159,False,-139.06351555143817,49
160,False,-223.50022324924564,49
161,False,11.989912985550701,49
162,False,-91.14984434152586,49
163,False,-89.8061749516188,49
164,False,-209.9473106665559,49
165,False,-24.731457477422637,49
166,False,-0.46901249375346055,49
167,False,54.935796448477454,49
168,False,-154.2716445562327,49
169,False,-43.8061052134642,49
170,False,-68.85678671128814,49
171,False,-146.93269391389248,49
172,False,6.2870232302184625,49
173,False,-408.67625918821216,49
174,False,-316.37601814873886,49
175,False,-713.9442768136826,49
176,False,-26.77660994622715,49
177,False,7.165006088570124,49
178,False,-230.8049025984872,49
179,False,-183.5756357418139,49
180,False,18.94901231703252,49
181,False,-69.19873543506375,49
182,False,-33.91658830392545,49
183,False,-155.22463550551333,49
184,False,-64.16837123588435,49
185,False,-152.11651278659718,49
186,False,-67.70247421514492,49
187,False,72.66513247776331,49
188,False,-276.96283620844,49
189,False,-174.82710867194487,49
190,False,-78.17100090816317,49
191,False,-28.780859230100695,49
192,False,-5.91935333247736,49
193,False,-209.45346718958467,49
194,False,-25.962627422217366,49
195,False,-10.739489670786387,49
196,False,-96.64409782068331,49
197,False,38.436714741466716,49
198,False,-302.7592442349481,49
199,False,-4.40158344503708,49
200,False,-128.9082942811833,49
201,False,43.072219433040345,49
202,False,-118.18329211591039,49
203,False,-64.24966385295419,49
204,False,-121.15852933728405,49
205,False,-458.85312433755524,49
206,False,-129.04914732518233,49
207,False,43.645591346830216,49
208,False,-230.99924380311427,49
209,False,-172.15163176748095,49
210,False,-142.40531086155622,49
211,False,-2.1757602803236296,49
212,False,-46.865799886447064,49
213,False,33.46057625990346,49
214,False,-95.0863099180212,49
215,False,-377.3495201344781,49
216,False,-62.7579371122724,49
217,False,80.29356535290495,49
218,False,19.09873931886439,49
219,False,-233.5655590872774,49
220,False,-6.9392905851655975,49
221,False,-387.77197896428,49
222,False,74.7108172885636,49
223,False,-58.02793128953158,49
224,False,-84.30305881104675,49
225,False,17.28928300891286,49
226,False,39.97383892253018,49
227,False,-51.597234667019144,49
228,False,63.07200862137141,49
229,False,-137.216246387491,49
230,False,-181.35949916574336,49
231,False,32.42170792402783,49
232,False,-76.43363192925028,49
233,False,-1099.5565121315435,49
234,False,-7.9463374408462855,49
235,False,-126.41044694147715,49
236,False,49.49162765043977,49
237,False,8.211139117675955,49
238,False,-222.79710170757983,49
239,False,-44.40552207886469,49
240,False,23.311159018426952,49
241,False,-90.29813252991507,49
242,False,-20.675224916111404,49
243,False,-516.3286001771135,49
244,False,10.002005013349336,49
245,False,71.96741775894206,49
246,False,-1.3112223343416716,49
247,False,-177.33590088875923,49
248,False,-79.02561713307782,49
249,False,-18.00105871878319,49
250,False,-57.50537357759681,49
251,False,-64.01024712602285,49
252,False,-50.57010106488649,49
253,False,10.976420365416983,49
254,False,-93.99500545618906,49
255,False,-125.2461764266741,49
256,False,-92.66766666545446,49
257,False,44.7600190394262,49
258,False,-23.698909179802357,49
259,False,-815.6784318650033,49
260,False,-130.9475295976446,49
261,False,-53.545442877018985,49
262,False,50.9018331103598,49
263,False,-30.52442533143092,49
264,False,37.99611247067777,49
265,False,18.275122266219398,49
266,False,-55.718871067687544,49
267,False,7.852836561404775,49
268,False,-369.6464295825738,49
269,False,-256.71903871687965,49
270,False,-0.14189922305527203,49
271,False,-66.48683332052322,49
272,False,27.932192198378296,49
273,False,-37.821327621100224,49
274,False,-90.32789605781736,49
275,False,-70.16612943639089,49
276,False,-180.169699218076,49
277,False,-16.54396337553794,49
278,False,-128.522333452294,49
279,False,-39.191619356228834,49
280,False,-223.98804279372763,49
281,False,-179.04448318225818,49
282,False,-866.6519048832913,49
283,False,-183.55303178151098,49
284,False,-89.71648142647706,49
285,False,-39.70524704035407,49
286,False,-221.42705944612675,49
287,False,-210.27704417921302,49
288,False,60.25784201088896,49
289,False,13.26927640750791,49
290,False,9.097886885573516,49
291,False,-135.93770054062554,49
292,False,-10.648467310233073,49
293,False,4.497405221450647,49
294,False,-191.39508326224126,49
295,False,-82.48695727787046,49
296,False,19.622615980628645,49
297,False,-289.74678756510826,49
298,False,-145.2170542104753,49
299,False,-296.02377879973795,49
300,False,-880.8755766595167,49
301,False,-145.99557020944397,49
302,False,-98.18736624808608,49
303,False,-10.26034124178824,49
304,False,-64.76721454652042,49
305,False,-91.48835344607144,49
306,False,2.908561074453168,49
307,False,-89.70417497304946,49
308,False,-390.96592003838555,49
309,False,-20.505246629459695,49
310,False,-6.9645473621172105,49
311,False,-80.63129015875062,49
312,False,-13.077036844148694,49
313,False,38.20939971395009,49
314,False,-85.9008337549965,49
315,False,-184.2451499783956,49
316,False,-23.63652708382335,49
317,False,45.10591637412883,49
318,False,-53.9058523960769,49
319,False,-15.227476230923685,49
320,False,-77.89458117286473,49
321,False,-124.90077610985557,49
322,False,-52.06418479314969,49
323,False,-238.31583377554438,49
324,False,-538.9258224451258,49
325,False,26.701263334666173,49
326,False,-35.25664252410035,49
327,False,-168.58916249628516,49
328,False,-33.664683080441016,49
329,False,-160.83980071609653,49
330,False,33.14427417360115,49
331,False,-95.03493556205481,49
332,False,-12.637634682858941,49
333,False,-118.3933970588393,49
334,False,-359.216172166654,49
335,False,-98.76476218831286,49
336,False,-193.3053669393965,49
337,False,-72.66534094935542,49
338,False,-13.753177294219011,49
339,False,-16.39709470563925,49
340,False,-167.06691419758315,49
341,False,48.8512261064305,49
342,False,-143.65683332752147,49
343,False,-144.8282913678542,49
344,False,-143.29654078926043,49
345,False,7.917114047276161,49
346,False,-181.0008034323265,49
347,False,-85.18093966336104,49
348,False,45.98926124559865,49
349,False,29.748521384462915,49
350,False,-148.73307630012712,49
351,False,-144.33013414513084,49
352,False,-1006.2218803808535,49
353,False,-125.26866754866678,49
354,False,-123.2736911999294,49
355,False,-386.5472642185298,49
356,False,80.01442637866302,49
357,False,-122.14513495684443,49
358,False,44.16164528554848,49
359,False,-473.0234711693806,49
360,False,-134.6517277159665,49
361,False,-202.27225620973923,49
362,False,-99.23922219113861,49
363,False,-163.13485094272752,49
364,False,-119.86248446343208,49
365,False,-6.229234773447715,49
366,False,17.698622784552445,49
367,False,52.159732650725466,49
368,False,-85.99196646804467,49
369,False,-10.330134536360884,49
370,False,33.99801670240146,49
371,False,-285.4638945883641,49
372,False,-3.408513928025604,49
373,False,-60.85943951614434,49
374,False,-62.80306190232591,49
375,False,-47.61937870332161,49
376,False,-85.82072793897723,49
377,False,-326.11205558021055,49
378,False,-39.04103831360087,49
379,False,-43.199421097601004,49
380,False,-364.196988125173,49
381,False,66.2680539582062,49
382,False,-52.21785086769306,49
383,False,65.40969980470328,49
384,False,-85.76427170584122,49
385,False,-769.3806739113835,49
386,False,-103.11024825050485,49
387,False,-70.44315102754122,49
388,False,-22.98125817437624,49
389,False,-448.3051221818303,49
390,False,-100.41863927782605,49
391,False,-54.7974212685087,49
392,False,-368.14964055406153,49
393,False,-8.333859310880754,49
394,False,-20.871548658555124,49
395,False,-124.35349347753541,49
396,False,-37.39124905255243,49
397,False,-408.25079996877,49
398,False,24.472046843670988,49
399,False,-77.79158635845329,49
400,False,-288.91674725280467,49
401,False,-88.33042931300237,49
402,False,-164.53034377363971,49
403,False,-21.11002598542101,49
404,False,-74.75735928983094,49
405,False,-31.913088204371622,49
406,False,-76.35856146346624,49
407,False,-11.956614379014585,49
408,False,5.7782272835952675,49
409,False,-38.70303727026323,49
410,False,-151.73535118669813,49
411,False,92.69744339506957,49
412,False,-20.189001886163567,49
413,False,64.93194546591886,49
414,False,-77.17527797012647,49
415,False,-1424.991417676069,49
416,False,-476.56143619418924,49
417,False,25.42503342818668,49
418,False,23.04746557671836,49
419,False,-31.152917596742668,49
420,False,34.92831020598213,49
421,False,-132.4656926663212,49
422,False,-30.53913835429808,49
423,False,56.66286893760281,49
424,False,-155.17960414377922,49
425,False,-1.4224854120527777,49
426,False,-101.3764118361368,49
427,False,14.010019365241169,49
428,False,-222.9887912636908,49
429,False,-11.600890437297815,49
430,False,-0.023475911003828287,49
431,False,-53.799304346962444,49
432,False,-128.3674052946668,49
433,False,59.66410222044984,49
434,False,-324.9639264788782,49
435,False,-31.404779970251447,49
436,False,74.35382920264128,49
437,False,-27.244949713099366,49
438,False,26.229786666417127,49
439,False,-543.0456580405344,49
440,False,-38.950939457116014,49
441,False,-209.67546572903032,49
442,False,98.06593208154662,49
443,False,-2.2071891906319685,49
444,False,-126.03570927643742,49
445,False,-148.35568463026232,49
446,False,-65.15860033698367,49
447,False,-49.6122396726217,49
448,False,-18.56592329308376,49
449,False,-377.8374849403066,49
450,False,-123.77997924739957,49
451,False,53.177363644080536,49
452,False,-171.39065485566823,49
453,False,-76.78159662316094,49
454,False,-194.8298509673997,49
455,False,-208.96971228948442,49
456,False,-74.89235801650699,49
457,False,-158.5008984833806,49
458,False,-14.080503125013148,49
459,False,-796.0379162394746,49
460,False,-251.95902409497555,49
461,False,-255.06519895088235,49
462,False,-12.540250226916873,49
463,False,-66.3021784459659,49
464,False,10.194536692416367,49
465,False,55.92728406388453,49
466,False,-428.17517518751185,49
467,False,-129.85540274189054,49
468,False,63.22070022919239,49
469,False,-2.0304070635137883,49
470,False,-246.5931510643128,49
471,False,29.871732134686976,49
472,False,-34.97573207445709,49
473,False,-66.88606563300903,49
474,False,-99.788441819935,49
475,False,-129.80787413656978,49
476,False,11.009617840065097,49
477,False,-294.90129239747085,49
478,False,-59.015081688738334,49
479,False,-406.61479206121913,49
480,False,22.876693300281275,49
481,False,-235.64822770105417,49
482,False,-32.34304958496635,49
483,False,-52.59655677654379,49
484,False,-80.05665268412186,49
485,False,-360.4762834179719,49
486,False,-75.48699038698483,49
487,False,-116.22825856400166,49
488,False,-102.21353161614509,49
489,False,-35.70963854191763,49
490,False,-159.31694679851046,49
491,False,-254.54923612578608,49
492,False,-237.63991414380496,49
493,False,-255.45846713358048,49
494,False,-154.01520638036774,49
495,False,-415.35205263436274,49
496,False,-32.59578009501888,49
497,False,-70.33237423506323,49
498,False,19.40733751630026,49
499,False,-392.8297459533386,49
500,False,-121.41397282048776,49
501,False,-87.43843638059157,49
502,False,-39.20213472287405,49
503,False,-46.92512028116965,49
504,False,-106.48659269323744,49
505,False,-66.87851938431953,49
506,False,-129.94547508093555,49
507,False,-144.2461597512261,49
508,False,-352.05568680085526,49
509,False,-395.9863174483101,49
510,False,-166.5109918029769,49
511,False,-185.13943243470476,49
512,False,-591.8311906267039,49
513,False,-43.45150122079652,49
514,False,-1.6772907801055563,49
515,False,61.74445557105033,49
516,False,-220.5486577953833,49
517,False,-65.33342840152686,49
518,False,-105.7335508499635,49
519,False,-152.60708332433197,49
520,False,-168.2773684669893,49
521,False,-123.73741595923778,49
522,False,9.753663145036413,49
523,False,-140.32767126497177,49
524,False,-951.5490365617669,49
525,False,-173.1086011851492,49
526,False,-81.87755262568929,49
527,False,3.485212384441944,49
528,False,-418.44236228137714,49
529,False,-5.783083311243473,49
530,False,-88.60446166520708,49
531,False,-71.67600878752526,49
532,False,-66.13036211147895,49
533,False,-58.63090277541596,49
534,False,64.19484931716327,49
535,False,-226.7748345553797,49
536,False,-130.10990025993038,49
537,False,-124.89267148874914,49
538,False,-15.860905619090971,49
539,False,36.00586999580164,49
540,False,12.82482898151913,49
541,False,22.095589737146764,49
542,False,-46.24541436790403,49
543,False,-278.14724346293053,49
544,False,-69.15066587613254,49
545,False,-79.73206516328592,49
546,False,-92.7918889748747,49
547,False,-869.0250957998531,49
548,False,36.47523257682791,49
549,False,-168.4274745715899,49
550,False,-23.437248772547942,49
551,False,-151.0451530807446,49
552,False,-48.11871497263348,49
553,False,-32.086342044513984,49
554,False,-382.7907395573046,49
555,False,-100.15860875668963,49
556,False,-32.01038658266356,49
557,False,-135.3521683343103,49
558,False,8.890828811016108,49
559,False,-51.48312282185006,49
560,False,-518.93663176665,49
561,False,12.412635714850364,49
562,False,-63.62262868576616,49
563,False,-100.93898687894736,49
564,False,-933.0522750753966,49
565,False,17.28650693944782,49
566,False,-50.11935468730661,49
567,False,-176.94246003963295,49
568,False,-188.1683157102638,49
569,False,-98.17288460841728,49
570,False,-115.01108180803789,49
571,False,1.2792187097084946,49
572,False,-136.38163338534736,49
573,False,-19.062492947233206,49
574,False,-143.0857654191528,49
575,False,-1.67023942943203,49
576,False,-100.06320757795248,49
577,False,-24.074058492705518,49
578,False,-156.6963529584849,49
579,False,-29.541933991931923,49
580,False,-175.62578169753874,49
581,False,-370.57053561014214,49
582,False,-215.90456458365372,49
583,False,-172.15589851797512,49
584,False,16.62741095363438,49
585,False,-226.67490834892826,49
586,False,-21.335412457885024,49
587,False,-28.956920064575684,49
588,False,39.884721057746994,49
589,False,-153.27824524937608,49
590,False,-48.29690633409336,49
591,False,-162.93168655045716,49
592,False,3.127391368980412,49
593,False,-157.79522822689083,49
594,False,-155.94838880867337,49
595,False,-273.28622552526025,49
596,False,-67.04472116205588,49
597,False,-33.556557868929985,49
598,False,-537.8137378397834,49
599,False,-59.28279950747229,49
600,False,-112.90605511882256,49
601,False,-247.3600100021087,49
602,False,47.890067020976595,49
603,False,-31.460166889050107,49
604,False,-457.0802890343252,49
605,False,70.02312368594902,49
606,False,-84.6013143622699,49
607,False,-83.6219316907095,49
608,False,7.002460257511286,49
609,False,-49.27504765837807,49
610,False,-42.979761863694954,49
611,False,-11.144792199311041,49
612,False,-429.8898559096847,49
613,False,-184.96632928544716,49
614,False,-50.60813513453414,49
615,False,54.81495518521348,49
616,False,-34.74772757879399,49
617,False,16.073615156566433,49
618,False,-103.37551113461288,49
619,False,7.5779870035044326,49
620,False,-61.67442628929152,49
621,False,-81.81848849105889,49
622,False,-201.41483636436521,49
623,False,-141.61487028379022,49
624,False,-40.75347868761453,49
625,False,-252.72999084105237,49
626,False,4.628390813670279,49
627,False,-68.9999966858326,49
628,False,-73.00770285153098,49
629,False,29.455656291743992,49
630,False,-277.53083103610805,49
631,False,-298.9914740932269,49
632,False,-345.7468345941815,49
633,False,-8.688407780400025,49
634,False,-54.1004266412416,49
635,False,-154.93888762346296,49
636,False,-37.50532285363209,49
637,False,-46.236638236673535,49
638,False,-88.78995445919587,49
639,False,-40.86531686383318,49
640,False,-131.67639600326427,49
641,False,62.108965737819375,49
642,False,-74.19287540590165,49
643,False,-63.24122591068097,49
644,False,-51.15895753242242,49
645,False,-4.504859570967202,49
646,False,-152.2887984195459,49
647,False,67.55474487193992,49
648,False,-74.97983312887143,49
649,False,-1037.3280252655775,49
650,False,-226.3914609449118,49
651,False,-4.854229461969439,49
652,False,-143.47860811298955,49
653,False,12.20415849770336,49
654,False,25.95834220705145,49
655,False,-241.3421752998607,49
656,False,17.79502942738042,49
657,False,-952.9094058744039,49
658,False,59.428808607497004,49
659,False,-136.80768070765492,49
660,False,-95.98475676100006,49
661,False,-158.63388208030437,49
662,False,-163.82769136186204,49
663,False,-12.524396536122254,49
664,False,-95.67315520119168,49
665,False,-99.97458090297701,49
666,False,70.79408889283906,49
667,False,-104.40514823418496,49
668,False,63.10836839074206,49
669,False,4.186143076181498,49
670,False,-20.236306826108798,49
671,False,-666.9330330822511,49
672,False,-1569.3078410483292,49
673,False,-56.69192676746893,49
674,False,-133.81606000865963,49
675,False,24.28212130447454,49
676,False,-461.1221597242239,49
677,False,-15.679465912086101,49
678,False,-124.33546874389864,49
679,False,-225.84853357942066,49
680,False,-173.25016290171652,49
681,False,-157.11986917775286,49
682,False,-116.72429582736962,49
683,False,-1466.4047613501527,49
684,False,-25.66014499173253,49
685,False,-25.030178705597457,49
686,False,-69.9280293495814,49
687,False,-123.21521602980735,49
688,False,-72.4536618939607,49
689,False,-15.63686011443399,49
690,False,58.80444688688192,49
691,False,-439.231927687117,49
692,False,-251.9956923959205,49
693,False,-132.43490222732675,49
694,False,-9.366867704625339,49
695,False,-118.26228750392005,49
696,False,-106.65932787799298,49
697,False,10.918760547559458,49
698,False,-612.8727652325524,49
699,False,-8.994241947990814,49
700,False,-161.34372941989062,49
701,False,-103.5324224145869,49
702,False,-475.2734731653692,49
703,False,-23.78763852005683,49
704,False,-131.0903268313177,49
705,False,-131.40439812898094,49
706,False,-137.17021311339494,49
707,False,-103.69915484586856,49
708,False,-61.70151596249741,49
709,False,-212.96915728428573,49
710,False,26.356663036163503,49
711,False,-48.0325279043369,49
712,False,-97.90862045648149,49
713,False,-156.06157079430866,49
714,False,-89.10795408744005,49
715,False,85.23914018135177,49
716,False,-20.58355863881513,49
717,False,-81.14213663022721,49
718,False,-197.22982422171285,49
719,False,-102.61013948663256,49
720,False,41.02853543538117,49
721,False,-226.13389153474276,49
722,False,-164.18734319651332,49
723,False,14.487039279384192,49
724,False,-45.69073367628989,49
725,False,-81.88400104042731,49
726,False,-200.96416123995795,49
727,False,-87.69400448091375,49
728,False,37.76504803330088,49
729,False,-137.853288042211,49
730,False,-35.37173168391614,49
731,False,-174.62491984744875,49
732,False,-138.67827462804442,49
733,False,28.018686165345812,49
734,False,-86.92077967211398,49
735,False,-173.21157434961594,49
736,False,-45.30051205423767,49
737,False,-139.80635021350142,49
738,False,-10.903242316323867,49
739,False,13.508238338856767,49
740,False,-139.70053963960254,49
741,False,-129.61123588570143,49
742,False,-103.4063687350968,49
743,False,-104.55241062690799,49
744,False,-39.04734582476458,49
745,False,-8.392059174554145,49
746,False,-25.12603106433035,49
747,False,-62.583863826882656,49
748,False,-30.666365237623168,49
749,False,-31.450488075823912,49
750,False,-13.45891497513001,49
751,False,-255.39124908255195,49
752,False,3.8232283985545603,49
753,False,-245.9472338258616,49
754,False,-44.50555423580438,49
755,False,-191.69345662584072,49
756,False,-878.7391396835974,49
757,False,46.34250109957591,49
758,False,-127.7810158631666,49
759,False,1.9842010526729466,49
760,False,-26.531722518375908,49
761,False,-157.10892840434343,49
762,False,-112.85739310751661,49
763,False,68.01277650059893,49
764,False,33.79297966263041,49
765,False,66.80579285979194,49
766,False,-225.0651817910826,49
767,False,26.884599359747433,49
768,False,-41.12076769054365,49
769,False,-227.01118862613743,49
770,False,-4.021951282770427,49
771,False,11.000170944713386,49
772,False,1.2449519075874722,49
773,False,-252.81329628464806,49
774,False,-142.92134979598336,49
775,False,45.33018919976383,49
776,False,-47.503344978239,49
777,False,20.733000389088975,49
778,False,-31.56391661511652,49
779,False,-21.730344069617676,49
780,False,24.850452501781703,49
781,False,-123.0439328714329,49
782,False,-339.7420953904888,49
783,False,28.40658534772451,49
784,False,-3.9982332160315934,49
785,False,-142.16023185210642,49
786,False,61.7805267854399,49
787,False,9.235982490253019,49
788,False,-382.7670340567164,49
789,False,16.612139983682116,49
790,False,-102.42590193138341,49
791,False,-247.44515096464778,49
792,False,11.400920974896522,49
793,False,-50.34512690228463,49
794,False,-2786.8841684058093,49
795,False,-150.9877004194152,49
796,False,-90.3473845415167,49
797,False,-47.17013518859693,49
798,False,-24.82391012930882,49
799,False,-178.6694972556818,49
800,False,-18.430305875625994,49
801,False,-277.9785082213525,49
802,False,-21.11336025167661,49
803,False,-30.15549660207998,49
804,False,-48.69280481921881,49
805,False,-470.8919429898652,49
806,False,-160.53234749649658,49
807,False,-78.54871387198413,49
808,False,-99.58329368433117,49
809,False,-540.4574660615222,49
810,False,-75.6595979568082,49
811,False,-11.020453394409756,49
812,False,-108.4156762562822,49
813,False,5.363888468266236,49
814,False,-493.6519682048868,49
815,False,-467.65996057366726,49
816,False,-432.2861877873297,49
817,False,-28.10237336721692,49
818,False,-283.0333604994933,49
819,False,-2.7196419885841934,49
820,False,61.591875324789186,49
821,False,56.10394066424586,49
822,False,-30.3831733042595,49
823,False,-56.3052936984737,49
824,False,-30.549211022636126,49
825,False,-145.80467128407838,49
826,False,-343.97455556996914,49
827,False,44.94667869932154,49
828,False,-413.55134116907084,49
829,False,-138.52737042878917,49
830,False,-65.41319942098028,49
831,False,8.254307116012455,49
832,False,-1674.8739674590227,49
833,False,-50.3251673632928,49
834,False,-18.753025787396254,49
835,False,12.926407760611326,49
836,False,-35.03423172484477,49
837,False,-75.99280684914511,49
838,False,-18.810065622413656,49
839,False,-98.91161797936323,49
840,False,-624.1725120780166,49
841,False,-90.57633929842103,49
842,False,-111.95332608410278,49
843,False,23.048227580079168,49
844,False,1.3202172715300264,49
845,False,-31.064410838355645,49
846,False,-84.16623246697988,49
847,False,-197.14471747438415,49
848,False,-94.23050350927353,49
849,False,43.484747782411986,49
850,False,37.438436668911066,49
851,False,5.798990219844576,49
852,False,-157.4447730562625,49
853,False,-295.2355505560577,49
854,False,-138.27229659497266,49
855,False,66.98475072814682,49
856,False,-99.72424205373076,49
857,False,47.25031184289499,49
858,False,-140.70584295076443,49
859,False,56.545626688771605,49
860,False,-158.92982616343298,49
861,False,-289.24783041082515,49
862,False,-219.03882899402421,49
863,False,8.351737389294799,49
864,False,-223.6218318048197,49
865,False,-25.855173149761427,49
866,False,-260.6072634922662,49
867,False,74.96841313630944,49
868,False,-340.103623012776,49
869,False,-93.18630829745909,49
870,False,-27.171756612980836,49
871,False,-128.21572433824463,49
872,False,-153.41702355592574,49
873,False,-144.83679886956736,49
874,False,-122.92997605407311,49
875,False,-66.72755920634006,49
876,False,-36.753359748137825,49
877,False,-173.12617275533836,49
878,False,-27.74526557813948,49
879,False,-92.56289237692326,49
880,False,-141.8799271933874,49
881,False,35.366744681986404,49
882,False,-115.89118416269007,49
883,False,-56.80119962075334,49
884,False,-710.3893356683461,49
885,False,-101.33500248339496,49
886,False,-88.89545703432297,49
887,False,-140.27831664604255,49
888,False,-572.043392948245,49
889,False,19.651491596608295,49
890,False,-141.85826422524252,49
891,False,61.11807725773475,49
892,False,-67.05655534646293,49
893,False,-101.74337080042166,49
894,False,-1771.8971756649635,49
895,False,-95.92846098011718,49
896,False,-53.00650462894167,49
897,False,-145.02500486834717,49
898,False,47.68219102288982,49
899,False,-164.61231380538985,49
900,False,9.12799341630571,49
901,False,-88.0182879202575,49
902,False,13.9360454573447,49
903,False,-73.38709310704267,49
904,False,-10.163807002545287,49
905,False,-226.63396591116262,49
906,False,31.22482152374408,49
907,False,27.76601518920959,49
908,False,-822.355747505058,49
909,False,-115.6742023146902,49
910,False,-72.01294933662354,49
911,False,-120.12197726084312,49
912,False,-105.54312705836062,49
913,False,-127.97616883629317,49
914,False,40.490284621305875,49
915,False,-1.007418637303397,49
916,False,-64.92044616346064,49
917,False,-370.3034793523078,49
918,False,75.07436165929741,49
919,False,-375.68995527562464,49
920,False,45.27992315108365,49
921,False,-302.6279569659344,49
922,False,-71.07632821063868,49
923,False,-4.137883324413964,49
924,False,-183.38069526020092,49
925,False,-4.437610247164763,49
926,False,-88.79924378294233,49
927,False,-387.57916190218884,49
928,False,-199.20065206501033,49
929,False,-136.34000121083997,49
930,False,-20.96421143397078,49
931,False,-50.472883219152074,49
932,False,-75.3013735731571,49
933,False,-166.69152222858474,49
934,False,-213.53864771054015,49
935,False,-53.47515284899204,49
936,False,-43.45743665373224,49
937,False,-858.427904710932,49
938,False,2.198031472509463,49
939,False,-116.6138979435687,49
940,False,12.018495336997725,49
941,False,-160.20078405215915,49
942,False,-397.6909992122457,49
943,False,39.461055926745345,49
944,False,26.823392755461732,49
945,False,-118.37796299656054,49
946,False,-114.47509130907586,49
947,False,7.964805819716538,49
948,False,-178.38527312392293,49
949,False,-92.73674214560864,49
950,False,-82.87988247666533,49
951,False,-94.99409386990264,49
952,False,-190.4198867867869,49
953,False,-141.20347356849385,49
954,False,-107.05890875691694,49
955,False,32.61526292546843,49
956,False,-92.65014843938826,49
957,False,-159.48344896851057,49
958,False,67.64886802904616,49
959,False,55.007086157334655,49
960,False,-273.345702953355,49
961,False,-156.15829211943148,49
962,False,37.946675957051376,49
963,False,-157.3275000459277,49
964,False,-23.0120596274107,49
965,False,-349.00519145999147,49
966,False,-43.10123604653901,49
967,False,-482.31215398875133,49
968,False,-74.56245576193587,49
969,False,-5.701676080473174,49
970,False,-272.9303216421243,49
971,False,-172.3587640235383,49
972,False,-102.62344474268068,49
973,False,-152.98775729823552,49
974,False,34.58570150120277,49
975,False,-157.80021500243913,49
976,False,-104.61965709756785,49
977,False,-248.90457560755453,49
978,False,-103.42996111189916,49
979,False,16.81926619893126,49
980,False,-155.08083375305262,49
981,False,-92.13324309245901,49
982,False,-150.95503489305085,49
983,False,-38.41218533250135,49
984,False,109.74076030600644,49
985,False,-70.18695010628018,49
986,False,41.675862383731356,49
987,False,-24.719264488801667,49
988,False,-79.74779847166882,49
989,False,-105.1873978887471,49
990,False,28.371863506874867,49
991,False,2.476294053611049,49
992,False,-129.25327510250867,49
993,False,-9.862065087197509,49
994,False,-316.2355609113229,49
995,False,-73.33270660489067,49
996,False,-180.2403550626861,49
997,False,-32.32539655799485,49
998,False,-300.7847327962831,49
999,False,65.02571001970583,49
1000,False,-254.53886755942918,49
1001,False,-69.66892899798094,49
1002,False,48.25451136694908,49
1003,False,24.729241868932974,49
1004,False,-258.71168305038844,49
1005,False,-226.11386314666055,49
1006,False,-71.20769580497515,49
1007,False,75.46227726814071,49
1008,False,-59.995779340712154,49
1009,False,-157.0174980166038,49
1010,False,-139.31232608773973,49
1011,False,7.941070752876218,49
1012,False,-15.3666876248456,49
1013,False,-49.572053084966726,49
1014,False,20.175779551321664,49
1015,False,24.657988812365318,49
1016,False,-38.026144066727916,49
1017,False,-230.50954048858458,49
1018,False,64.81346862876312,49
1019,False,-147.0762451583406,49
1020,False,-392.5461457468978,49
1021,False,-119.04064297446726,49
1022,False,-476.2963398034488,49
1023,False,-87.65167631206377,49
1024,False,50.986717562128725,49
1025,False,38.62964549928289,49
1026,False,-283.3755114613712,49
1027,False,-57.10285272507445,49
1028,False,-53.00717951245423,49
1029,False,-99.81521175597865,49
1030,False,-174.11722853376938,49
1031,False,-7.744108043189797,49
1032,False,-93.09759235246254,49
1033,False,-24.209875003226465,49
1034,False,-184.86731247632432,49
1035,False,7.955606789970801,49
1036,False,43.550041790342206,49
1037,False,59.30199794774754,49
1038,False,61.62451865755348,49
1039,False,-147.77999241934606,49
1040,False,92.88353542929848,49
1041,False,-198.7446592811132,49
1042,False,-75.9974584509695,49
1043,False,-131.7076355607365,49
1044,False,33.07238071717231,49
1045,False,-185.30294628194468,49
1046,False,-80.04814721422133,49
1047,False,-115.04404913783252,49
1048,False,-66.4463179498421,49
1049,False,63.8794192301358,49
1050,False,-194.39760624342563,49
1051,False,-400.6803490156817,49
1052,False,22.324285579143165,49
1053,False,7.64188734126499,49
1054,False,62.65733979574665,49
1055,False,-232.9867793308115,49
1056,False,-272.0389325930106,49
1057,False,21.55080546188096,49
1058,False,-125.90526129059504,49
1059,False,-278.70553506907294,49
1060,False,-123.79536096759232,49
1061,False,-35.54294832513094,49
1062,False,-120.40190120073196,49
1063,False,-86.08891677444853,49
1064,False,16.730096024796943,49
1065,False,-279.6208613291866,49
1066,False,-32.66678695729014,49
1067,False,-140.66341711819192,49
1068,False,-243.90992808725895,49
1069,False,-156.68124500345232,49
1070,False,-130.18931853443524,49
1071,False,15.803042326683773,49
1072,False,-232.1491237387933,49
1073,False,-567.2220729703258,49
1074,False,-243.40503896773637,49
1075,False,-454.3196405093776,49
1076,False,-82.14855789332952,49
1077,False,-92.22100568839211,49
1078,False,15.703771377123372,49
1079,False,-118.02890918438065,49
1080,False,-42.48381501052718,49
1081,False,3.55495563150925,49
1082,False,-525.7473824995275,49
1083,False,-47.92658359759402,49
1084,False,-21.949685432136526,49
1085,False,35.60361560927606,49
1086,False,-32.70291228113192,49
1087,False,-109.95481918829643,49
1088,False,-49.828820636001126,49
1089,False,-112.11788124249483,49
1090,False,62.45585050367643,49
1091,False,-30.941947217101358,49
1092,False,-102.72302513600128,49
1093,False,6.46281841577078,49
1094,False,-67.4482083421486,49
1095,False,-364.1567389436585,49
1096,False,37.188751102308956,49
1097,False,-275.1020657138205,49
1098,False,-92.48088088716194,49
1099,False,-149.46552002115146,49
1100,False,-104.41469741738598,49
1101,False,-122.09593306693348,49
1102,False,-35.140642958499626,49
1103,False,-380.0652724486297,49
1104,False,75.08855453189565,49
1105,False,-48.67241420150907,49
1106,False,37.294791044788894,49
1107,False,-74.46489277386485,49
1108,False,22.55741620533061,49
1109,False,2.4596035795232822,49
1110,False,-55.06145657057925,49
1111,False,3.1856536714011483,49
1112,False,82.46155214213844,49
1113,False,-24.446516280300834,49
1114,False,-21.114072787956005,49
1115,False,-70.13898363459154,49
1116,False,24.21090417835334,49
1117,False,-35.95060385810292,49
1118,False,4.750530030176401,49
1119,False,-225.64829910636388,49
1120,False,-138.61162115792249,49
1121,False,-112.43414992220688,49
1122,False,25.163388261097957,49
1123,False,-66.40620798311352,49
1124,False,-346.4832466696033,49
1125,False,-12.741073033300488,49
1126,False,-542.2731519077869,49
1127,False,-17.369726287448312,49
1128,False,-161.71395020877435,49
1129,False,-13.602390378786703,49
1130,False,-123.45409926668164,49
1131,False,17.851430278956965,49
1132,False,-85.85535093286799,49
1133,False,75.9035854117001,49
1134,False,-42.60153499947712,49
1135,False,-227.34511469003755,49
1136,False,0.4935858180770474,49
1137,False,-26.35292492866968,49
1138,False,-442.9514444601205,49
1139,False,-25.901606228069575,49
1140,False,-376.4055525383685,49
1141,False,-284.64679064369386,49
1142,False,5.3014301246330575,49
1143,False,-80.5087017394033,49
1144,False,-72.13144530188211,49
1145,False,18.496228111318135,49
1146,False,-16.85598778690189,49
1147,False,-107.98041691317256,49
1148,False,-38.856807401128975,49
1149,False,37.29251906333887,49
1150,False,-42.98421045740564,49
1151,False,-148.8978267853954,49
1152,False,-138.2754614611233,49
1153,False,-70.44563233312533,49
1154,False,-86.72698254124833,49
1155,False,10.943825341146727,49
1156,False,-10.618785109949549,49
1157,False,-798.4084218568058,49
1158,False,-138.75909493646506,49
1159,False,-2.867210316889384,49
1160,False,-879.3783889902234,49
1161,False,-28.277897017980514,49
1162,False,-78.33500304690244,49
1163,False,12.685772402944117,49
1164,False,-36.556813654063774,49
1165,False,-74.4902857865776,49
1166,False,-361.153315733593,49
1167,False,-15.25288446586054,49
1168,False,-93.37454336025051,49
1169,False,29.50687066480816,49
1170,False,-6.104842357273679,49
1171,False,46.12493165797511,49
1172,False,59.39840692890431,49
1173,False,-43.6681440678236,49
1174,False,-224.07588362600887,49
1175,False,-294.0657820266437,49
1176,False,-24.55386741229377,49
1177,False,-333.90282559051315,49
1178,False,4.0280086931565116,49
1179,False,-121.15446937110919,49
1180,False,-212.65902374964125,49
1181,False,-130.58688085153878,49
1182,False,-13.51376906214196,49
1183,False,-145.23965718548592,49
1184,False,-322.37860384852803,49
1185,False,37.90641881342076,49
1186,False,-22.380976527796278,49
1187,False,-103.34570328981123,49
1188,False,-149.96780259655932,49
1189,False,-95.06857302119772,49
1190,False,66.50315367464732,49
1191,False,-133.26398532444705,49
1192,False,-107.66839281951846,49
1193,False,-16.76161638980361,49
1194,False,-5.841667338594088,49
1195,False,-50.53169457990761,49
1196,False,-83.95704881538963,49
1197,False,-162.3574988028056,49
1198,False,-72.766669343046,49
1199,False,-494.65302500723885,49
1200,False,-147.43330675783616,49
1201,False,48.91653923106911,49
1202,False,25.831851554671548,49
1203,False,93.70356129096307,49
1204,False,85.29077471052572,49
1205,False,8.379940317565087,49
1206,False,-108.53589472672482,49
1207,False,-21.728568166790936,49
1208,False,-21.797366632547806,49
1209,False,-19.844712782984196,49
1210,False,-15.938798943547129,49
1211,False,-103.06033670503098,49
1212,False,-246.43575663205118,49
1213,False,-33.63612593781606,49
1214,False,-229.36606780675902,49
1215,False,-283.8870469393916,49
1216,False,-71.0275860460878,49
1217,False,-310.26608911659923,49
1218,False,-248.62342904963285,49
1219,False,-163.86663815579107,49
1220,False,-77.2472006145569,49
1221,False,33.87641697495086,49
1222,False,-19.121721877113934,49
1223,False,-3.662878514132555,49
1224,False,-96.58098725416227,49
1225,False,5.676670487766808,49
1226,False,-34.16744713010098,49
1227,False,-157.48183864682187,49
1228,False,9.272798104131034,49
1229,False,-87.37168643830526,49
1230,False,-43.1700647537635,49
1231,False,15.615528595605781,49
1232,False,-150.99698932336554,49
1233,False,29.62447169329522,49
1234,False,-92.66001493263036,49
1235,False,-32.040100190770275,49
1236,False,-155.63434423619574,49
1237,False,-131.58181317476829,49
1238,False,-148.5986910543611,49
1239,False,-34.773630853432394,49
1240,False,-20.298480618266137,49
1241,False,0.5355842954122352,49
1242,False,-363.428919721334,49
1243,False,-59.63632395402608,49
1244,False,-16.510338032124466,49
1245,False,-58.833255389970475,49
1246,False,-2.483730245628985,49
1247,False,-114.48670364739812,49
1248,False,1.742811798667022,49
1249,False,-38.27919210794751,49
1250,False,-137.75163417629858,49
1251,False,-73.23281752774182,49
1252,False,-239.21115175999756,49
1253,False,-157.05386325449678,49
1254,False,-126.64642342580053,49
1255,False,-99.93607762059254,49
1256,False,13.296061642221654,49
1257,False,-116.15874557626883,49
1258,False,16.219219809061002,49
1259,False,88.8181795083652,49
1260,False,11.929514684066447,49
1261,False,-455.1851799738801,49
1262,False,-89.57139517204465,49
1263,False,32.669144538607725,49
1264,False,-293.0438019085146,49
1265,False,-94.53612831565621,49
1266,False,12.036470302684918,49
1267,False,-2.273327320178069,49
1268,False,-51.9564566495782,49
1269,False,-25.061648176638847,49
1270,False,44.11675337095329,49
1271,False,32.1869203060869,49
1272,False,14.87996792528562,49
1273,False,-115.93531856701912,49
1274,False,77.70093610408435,49
1275,False,-17.011860391938917,49
1276,False,39.56787661029753,49
1277,False,-64.70760948152632,49
1278,False,-22.860511103670447,49
1279,False,-2.227118135424446,49
1280,False,-16.497846415253036,49
1281,False,-61.428519909039395,49
1282,False,-0.12323396888305549,49
1283,False,-33.23722082558843,49
1284,False,-65.39715182926993,49
1285,False,-95.78557003646651,49
1286,False,83.27603757460241,49
1287,False,11.006561906926002,49
1288,False,-231.96496107882132,49
1289,False,-67.51794520170623,49
1290,False,-61.67408872736674,49
1291,False,-67.32679816151452,49
1292,False,-129.0812608870965,49
1293,False,-95.04613444567042,49
1294,False,-73.25251251926005,49
1295,False,15.131724913861017,49
1296,False,-7298.065605129753,49
1297,False,-233.98062152204147,49
1298,False,-489.4181623599904,49
1299,False,-124.303236755595,49
1300,False,-341.15866419288284,49
1301,False,-0.9086876852789203,49
1302,False,-42.53115090680649,49
1303,False,54.77421038165076,49
1304,False,-79.02759917772065,49
1305,False,5.215395542216437,49
1306,False,-43.26191654706256,49
1307,False,-146.06230069682454,49
1308,False,-46.75437091558544,49
1309,False,-1403.3271574260639,49
1310,False,-235.24628623797412,49
1311,False,42.39402557005236,49
1312,False,-48.383182112442896,49
1313,False,-196.6524528068689,49
1314,False,8.455299605780038,49
1315,False,-310.71964925402386,49
1316,False,-119.34705058697865,49
1317,False,14.296930837685572,49
1318,False,-2.5424781586391134,49
1319,False,-131.48144797620887,49
1320,False,-19.371147735173253,49
1321,False,-281.07098568934975,49
1322,False,-62.844745228012,49
1323,False,-289.88136129788023,49
1324,False,-324.3687045884485,49
1325,False,7.889417756793819,49
1326,False,-314.8705494737793,49
1327,False,-279.8267231580144,49
1328,False,46.91002323637828,49
1329,False,-12.868251056481416,49
1330,False,-56.807530932763584,49
1331,False,-391.66872344598585,49
1332,False,-10.348404870168054,49
1333,False,-1608.2751047119932,49
1334,False,-85.09460308401091,49
1335,False,-58.26463662419309,49
1336,False,-105.4840950906906,49
1337,False,-4.054821377941071,49
1338,False,-323.08897247374114,49
1339,False,18.296808102488484,49
1340,False,-10.11493339089392,49
1341,False,-136.17218656323598,49
1342,False,7.254346746498182,49
1343,False,11.845157056226107,49
1344,False,-195.44280178099837,49
1345,False,-64.44392612906061,49
1346,False,16.130290997751267,49
1347,False,-85.65762822505182,49
1348,False,53.316079894819914,49
1349,False,-60.7871802139523,49
1350,False,-472.95097910360835,49
1351,False,4.368755115942456,49
1352,False,-74.64567361759185,49
1353,False,-80.85188063824138,49
1354,False,-65.84816127058689,49
1355,False,-334.72050800601454,49
1356,False,-129.63679799912268,49
1357,False,13.990647679238293,49
1358,False,-127.74504878161133,49
1359,False,-305.69209197701633,49
1360,False,-266.81884172496353,49
1361,False,-585.6051885958373,49
1362,False,-91.64292263071516,49
1363,False,45.13054512868378,49
1364,False,-457.15291869830617,49
1365,False,-98.82823333547279,49
1366,False,-63.431724215823955,49
1367,False,-369.61262801502664,49
1368,False,-56.31074596365692,49
1369,False,-244.41195984676006,49
1370,False,-37.98683100233695,49
1371,False,21.249871961649035,49
1372,False,-105.6906252784276,49
1373,False,-144.5044179635186,49
1374,False,-48.77651461828359,49
1375,False,12.190221466119596,49
1376,False,45.33294503206707,49
1377,False,-136.37282608623264,49
1378,False,-6.895317752458013,49
1379,False,31.67498196536544,49
1380,False,-1.7597796119034839,49
1381,False,-165.75671962951265,49
1382,False,-14.805887219271108,49
1383,False,-19.929020715350294,49
1384,False,-307.49715906933113,49
1385,False,36.381142555573824,49
1386,False,-27.30305655710959,49
1387,False,-13.216267025566486,49
1388,False,-202.2471650488951,49
1389,False,-373.80538993620246,49
1390,False,18.483186595310325,49
1391,False,-55.63645985912512,49
1392,False,-67.03073394173806,49
1393,False,-41.270449189896645,49
1394,False,30.36831324738388,49
1395,False,-3.8075016040384995,49
1396,False,-128.62560274633645,49
1397,False,-7.9044898008847575,49
1398,False,33.46763403768369,49
1399,False,73.40987867370724,49
1400,False,-113.76924763161372,49
1401,False,-196.3960356110387,49
1402,False,16.730953303846043,49
1403,False,-154.89466985763738,49
1404,False,-351.506137763221,49
1405,False,-141.44930270946523,49
1406,False,-121.21994179775947,49
1407,False,-117.54121262400615,49
1408,False,-357.75144701338576,49
1409,False,-9.350638647406942,49
1410,False,71.59909340840565,49
1411,False,-0.5880751937864943,49
1412,False,-463.9480440979055,49
1413,False,-12.881859453478883,49
1414,False,7.173434449540281,49
1415,False,-50.691543698604946,49
1416,False,51.617026238013636,49
1417,False,68.92243600652341,49
1418,False,-37.69058207887545,49
1419,False,0.11569020068937164,49
1420,False,-99.71511885116291,49
1421,False,0.3867274891803216,49
1422,False,-70.78564710783392,49
1423,False,-70.60231547632404,49
1424,False,9.287833883859152,49
1425,False,-163.34570259439104,49
1426,False,-93.73086957906254,49
1427,False,-561.3440202717192,49
1428,False,-3.765715661998402,49
1429,False,13.790061727776779,49
1430,False,-76.1328819393696,49
1431,False,25.274629838912784,49
1432,False,-121.08317704890295,49
1433,False,-15.68849326485391,49
1434,False,-371.76969774909605,49
1435,False,49.40421724154952,49
1436,False,-234.6644640995922,49
1437,False,35.12794320495448,49
1438,False,-159.11543448284039,49
1439,False,7.987868869793315,49
1440,False,67.07145646080943,49
1441,False,-122.89732666926078,49
1442,False,-111.13005977969951,49
1443,False,-998.2343864208725,49
1444,False,-350.45012261703124,49
1445,False,-115.23126012505497,49
1446,False,22.600925059669144,49
1447,False,20.036091926259022,49
1448,False,-17.28428675121318,49
1449,False,9.331921431349535,49
1450,False,9.653981927395709,49
1451,False,58.17305168029259,49
1452,False,-63.563243352723106,49
1453,False,-334.4736299479746,49
1454,False,58.001397270301,49
1455,False,-180.61637775507694,49
1456,False,-60.75435666636925,49
1457,False,-44.312376511366864,49
1458,False,-96.67043971583361,49
1459,False,56.252614930307935,49
1460,False,2.334369647309016,49
1461,False,-94.53985060411699,49
1462,False,-21.459839705077393,49
1463,False,-195.83648088394253,49
1464,False,-66.8088844385492,49
1465,False,-372.14881557425883,49
1466,False,-82.37274662461216,49
1467,False,-167.50926361507635,49
1468,False,-8.54816424178964,49
1469,False,-19.32320344648048,49
1470,False,-120.37017813769502,49
1471,False,-212.71452007579197,49
1472,False,-450.7979156997734,49
1473,False,-80.73456160280298,49
1474,False,42.68396781110974,49
1475,False,60.005622844407846,49
1476,False,-127.39947131340672,49
1477,False,46.463680780919546,49
1478,False,81.98069385372926,49
1479,False,-226.61786954012967,49
1480,False,-248.48359792793195,49
1481,False,-54.69508728604217,49
1482,False,-0.7765549965496774,49
1483,False,-88.5047761752298,49
1484,False,-133.1629988262517,49
1485,False,-2297.067678490562,49
1486,False,27.249014499637568,49
1487,False,-222.5820094758867,49
1488,False,-63.67399498890187,49
1489,False,83.31108867867434,49
1490,False,41.39500388544106,49
1491,False,-40.56725382547129,49
1492,False,-200.03834734381735,49
1493,False,-50.23248386136942,49
1494,False,-13.903169828330647,49
1495,False,6.430316246808552,49
1496,False,76.15723353878832,49
1497,False,15.645067083133661,49
1498,False,60.45518771530051,49
1499,False,-307.15421449645083,49
1500,False,-100.8733791130164,49
1501,False,70.26706020143178,49
1502,False,-22.049344544420535,49
1503,False,-80.59692206377682,49
1504,False,46.147887164464386,49
1505,False,-59.2943725263955,49
1506,False,-5.242497813302171,49
1507,False,-60.02966382493463,49
1508,False,-1.2473105190752989,49
1509,False,55.20011541242879,49
1510,False,-59.58572672335137,49
1511,False,-295.67648386083664,49
1512,False,-11.812924771839647,49
1513,False,-270.8786086434665,49
1514,False,-149.19538809272984,49
1515,False,-42.05244072012547,49
1516,False,-133.1321074381952,49
1517,False,81.24751827410782,49
1518,False,-273.06407473229274,49
1519,False,66.5620047035259,49
1520,False,92.17402579812163,49
1521,False,-149.7702802606059,49
1522,False,-93.24133876882956,49
1523,False,-150.69568562966148,49
1524,False,-166.41848747181865,49
1525,False,19.232414408583278,49
1526,False,-38.98029043735862,49
1527,False,-112.81766705347675,49
1528,False,-14.335563776705673,49
1529,False,-215.44085656975054,49
1530,False,-31.183217805766333,49
1531,False,5.044631918284731,49
1532,False,-197.6420442140332,49
1533,False,-78.5190416661556,49
1534,False,2.829401162795591,49
1535,False,70.55718271870052,49
1536,False,12.187536120460331,49
1537,False,40.747905099623246,49
1538,False,-132.57002030250908,49
1539,False,-804.0034208939912,49
1540,False,78.88650881828616,49
1541,False,10.02867116306755,49
1542,False,-1.457278035040055,49
1543,False,-186.14114978647555,49
1544,False,-71.35319965560845,49
1545,False,-47.21659885526147,49
1546,False,-62.3895595611261,49
1547,False,-225.43484147751425,49
1548,False,-1.407569999903636,49
1549,False,-232.68085962074485,49
1550,False,-153.1956491807,49
1551,False,-204.90434356640927,49
1552,False,-203.61193957309342,49
1553,False,32.840734530857425,49
1554,False,-699.2567588073423,49
1555,False,-64.50505909466568,49
1556,False,-293.16721003242577,49
1557,False,-192.38476957585152,49
1558,False,-162.6525522035093,49
1559,False,-27.113897566945887,49
1560,False,-222.62716865766097,49
1561,False,-7.346791385826455,49
1562,False,51.79466551437895,49
1563,False,-61.65143181811071,49
1564,False,-13.105279789793173,49
1565,False,-194.25670315406654,49
1566,False,-372.1490164638331,49
1567,False,-429.2537171131664,49
1568,False,-42.71794671251523,49
1569,False,-80.84338113452986,49
1570,False,-87.6790002513953,49
1571,False,-126.6927973545458,49
1572,False,26.866444337403554,49
1573,False,29.151460464121747,49
1574,False,-89.58735612131383,49
1575,False,19.245769825279325,49
1576,False,-69.09270281594074,49
1577,False,-43.434535227758445,49
1578,False,46.56303394242645,49
1579,False,3.8652669113676588,49
1580,False,-48.4330240854846,49
1581,False,-186.898457332197,49
1582,False,52.54078862186082,49
1583,False,53.82133200525318,49
1584,False,-82.09449345343931,49
1585,False,29.806994820006135,49
1586,False,-20.157305771803145,49
1587,False,-55.653008501868385,49
1588,False,-201.66220274950035,49
1589,False,-34.031748893035704,49
1590,False,-67.80132445266077,49
1591,False,-63.65868644129635,49
1592,False,-3.5025345397949597,49
1593,False,-36.00609808698207,49
1594,False,-153.39521373230986,49
1595,False,10.919483132412582,49
1596,False,-1.8067906435201326,49
1597,False,-78.92813935796909,49
1598,False,15.940997210924856,49
1599,False,46.79275908743541,49
1600,False,-204.5212793095487,49
1601,False,-431.20963569325255,49
1602,False,-4.8452410164010296,49
1603,False,-244.30601290021087,49
1604,False,-92.49855110172065,49
1605,False,-49.53733311262039,49
1606,False,-7.997725272930136,49
1607,False,36.11801833299681,49
1608,False,-321.1718299160073,49
1609,False,-55.2576099770899,49
1610,False,75.88521985788904,49
1611,False,-123.15306519236866,49
1612,False,-1.7771725905931035,49
1613,False,-140.16244129602845,49
1614,False,26.73467945316161,49
1615,False,26.610681216824645,49
1616,False,-71.84345359638718,49
1617,False,-47.12186911734849,49
1618,False,-47.5194475914128,49
1619,False,-72.51527291828066,49
1620,False,-16.24585291884702,49
1621,False,-337.88002234504563,49
1622,False,-142.11902453096087,49
1623,False,-342.89189574113027,49
1624,False,0.2059471214126134,49
1625,False,-108.18199791925943,49
1626,False,2.3568562534560815,49
1627,False,-88.70069078907127,49
1628,False,-121.35756573024315,49
1629,False,-268.39695971643516,49
1630,False,-115.02891622697973,49
1631,False,-50.66672936135438,49
1632,False,-38.725039583384785,49
1633,False,13.409721177093374,49
1634,False,-36.72953944576837,49
1635,False,-242.28701788535406,49
1636,False,-105.24148841373284,49
1637,False,81.79083247423331,49
1638,False,-220.3547072194382,49
1639,False,6.138627205900015,49
1640,False,-86.2735072187215,49
1641,False,-145.7235126136282,49
1642,False,-290.9628243652777,49
1643,False,-341.0844942978055,49
1644,False,-8.095325446986983,49
1645,False,-21.19467251613359,49
1646,False,-152.75581834469978,49
1647,False,-92.84299086868367,49
1648,False,-320.24064946765276,49
1649,False,-68.66221916092583,49
1650,False,-97.2682728158758,49
1651,False,66.01971657447426,49
1652,False,-141.6874651405102,49
1653,False,-72.45556044337229,49
1654,False,39.28663190172574,49
1655,False,-30.962373019796903,49
1656,False,-227.4898678656981,49
1657,False,-88.23980040465477,49
1658,False,-191.09891287197425,49
1659,False,-170.86478080992018,49
1660,False,-310.0440385727518,49
1661,False,-76.21777108073431,49
1662,False,-80.68461295624701,49
1663,False,-40.58605400123979,49
1664,False,-167.842342716408,49
1665,False,-68.89950407396489,49
1666,False,-171.9924083529623,49
1667,False,-56.68031166960993,49
1668,False,-214.37894685546559,49
1669,False,-77.24129742432619,49
1670,False,-115.6102771183458,49
1671,False,-80.77635799354287,49
1672,False,-452.3775746277629,49
1673,False,-203.64552767924775,49
1674,False,23.31061155872959,49
1675,False,-118.80122652368063,49
1676,False,-16.80164378040503,49
1677,False,-167.12280130440863,49
1678,False,66.4168044780265,49
1679,False,-250.2860390998739,49
1680,False,-77.75513760013885,49
1681,False,-131.86246500864473,49
1682,False,-71.94131388623336,49
1683,False,-55.50141779317007,49
1684,False,-42.42658373838025,49
1685,False,-111.0444717902176,49
1686,False,55.21819694759144,49
1687,False,-29.97144974604744,49
1688,False,-204.846610999753,49
1689,False,-186.30113763838062,49
1690,False,75.24951843074298,49
1691,False,51.67564590627245,49
1692,False,-291.5471082705992,49
1693,False,-7.3330024715768864,49
1694,False,35.22840936577,49
1695,False,-29.49734400392541,49
1696,False,-38.081283266740456,49
1697,False,-15.839315178946123,49
1698,False,-95.12665861717528,49
1699,False,-266.0235027986152,49
1700,False,-43.821125030757905,49
1701,False,-202.9710474984883,49
1702,False,67.87386239547142,49
1703,False,-54.37553376727286,49
1704,False,-251.63142113645043,49
1705,False,-285.13578807341855,49
1706,False,-56.984321243244416,49
1707,False,-165.77049544939928,49
1708,False,-52.57163460732288,49
1709,False,-68.25776856245253,49
1710,False,-23.055327551227382,49
1711,False,-460.070539642174,49
1712,False,-200.64237589881242,49
1713,False,-330.8651140915669,49
1714,False,-256.1972521564716,49
1715,False,-15.705170233860185,49
1716,False,30.14255454425158,49
1717,False,-24.436403046881974,49
1718,False,2.72199958789038,49
1719,False,-86.25357289076427,49
1720,False,-175.32092042770503,49
1721,False,35.13764225571185,49
1722,False,-41.252808193581025,49
1723,False,13.780940519339985,49
1724,False,34.245667556641536,49
1725,False,44.41991281185186,49
1726,False,-150.19311361555742,49
1727,False,56.876154749776745,49
1728,False,9.150323844533993,49
1729,False,-209.8305992856402,49
1730,False,9.506615043890726,49
1731,False,-35.803631954131504,49
1732,False,-54.2568185050152,49
1733,False,-9.083527218744408,49
1734,False,77.68856317807032,49
1735,False,33.73096669876959,49
1736,False,-69.93196730858433,49
1737,False,63.64317839885362,49
1738,False,7.502349345892502,49
1739,False,47.770745957870055,49
1740,False,-12.56364767201326,49
1741,False,-150.38734486590397,49
1742,False,-12.91217603385465,49
1743,False,-358.28560426973166,49
1744,False,-462.6209248779246,49
1745,False,-73.55685663632585,49
1746,False,-504.4221721590143,49
1747,False,25.1158570879004,49
1748,False,51.10643948130092,49
1749,False,55.74470189239934,49
1750,False,-823.4563908733479,49
1751,False,-158.34441316442587,49
1752,False,-233.32586418828092,49
1753,False,80.25408998841277,49
1754,False,14.019509029252717,49
1755,False,-28.23219839286585,49
1756,False,-70.98357852932874,49
1757,False,46.3664657910513,49
1758,False,-11.438435475668769,49
1759,False,-118.94096695841641,49
1760,False,-24.70022548855289,49
1761,False,-16.743313677003368,49
1762,False,-600.8874101718491,49
1763,False,-7.516650599691644,49
1764,False,-78.11600285540173,49
1765,False,-63.184039139075956,49
1766,False,-412.8600990474544,49
1767,False,-63.97119706393589,49
1768,False,-16.829643652044055,49
1769,False,-42.71575337212531,49
1770,False,-392.2022710449821,49
1771,False,-86.67029147185725,49
1772,False,26.88031060359186,49
1773,False,-43.59465862864098,49
1774,False,0.07731732874948705,49
1775,False,-226.4307696740188,49
1776,False,33.561390837895104,49
1777,False,63.184023158258725,49
1778,False,-116.68857661308049,49
1779,False,-283.74283628591905,49
1780,False,-49.17127634405774,49
1781,False,-87.40562269018248,49
1782,False,-50.94242205920992,49
1783,False,-101.54823780187868,49
1784,False,-53.46198318239449,49
1785,False,64.41893727073386,49
1786,False,89.81551533938926,49
1787,False,43.86958937180839,49
1788,False,61.57293230648804,49
1789,False,-46.0826526716127,49
1790,False,-315.40831641021055,49
1791,False,-121.47785982819065,49
1792,False,-83.27884862753932,49
1793,False,45.343679717920025,49
1794,False,-146.53403730322316,49
1795,False,2.211341102509028,49
1796,False,-313.745048866587,49
1797,False,-88.47175054488538,49
1798,False,-65.46407745270265,49
1799,False,28.828890485898846,49
1800,False,-50.1862356552217,49
1801,False,-549.4087260222138,49
1802,False,-175.1825202107348,49
1803,False,61.45203342521714,49
1804,False,-47.145925041509805,49
1805,False,-79.51350020982989,49
1806,False,-197.17174149994332,49
1807,False,-37.59790742181847,49
1808,False,-35.49491131720064,49
1809,False,-56.601346149502156,49
1810,False,-306.73171011332477,49
1811,False,-71.6328023795442,49
1812,False,-390.24079790102166,49
1813,False,-55.62384702130957,49
1814,False,9.63954526923181,49
1815,False,-117.803691530229,49
1816,False,-120.41540217513615,49
1817,False,-13.281900680846288,49
1818,False,-369.06098755241385,49
1819,False,-74.16497985672589,49
1820,False,-395.3217461066237,49
1821,False,-170.4684115099817,49
1822,False,-15.09309501128567,49
1823,False,33.461713629214714,49
1824,False,-37.437260116208336,49
1825,False,-416.33671111400974,49
1826,False,-114.36408548978692,49
1827,False,73.6655077699227,49
1828,False,-14.376282658935786,49
1829,False,72.07199183991703,49
1830,False,-37.275351549014125,49
1831,False,-221.75225583058386,49
1832,False,-3.2760710110287903,49
1833,False,-485.0386620191433,49
1834,False,8.00967791950764,49
1835,False,-54.805051845128965,49
1836,False,-17.514424099618743,49
1837,False,-109.07053046332504,49
1838,False,-528.5266478132547,49
1839,False,-96.16572966500337,49
1840,False,-120.32555378257592,49
1841,False,8.942247331222042,49
1842,False,32.49786743036031,49
1843,False,-324.32193717522296,49
1844,False,18.06243303873582,49
1845,False,-179.45176759548627,49
1846,False,-31.063948873320008,49
1847,False,16.350553945141897,49
1848,False,-147.0612084640785,49
1849,False,-48.81659251507581,49
1850,False,-15.899443936860306,49
1851,False,-386.7286335169643,49
1852,False,-33.37296050416897,49
1853,False,-96.77272099275356,49
1854,False,-303.2046144159335,49
1855,False,9.96949712651702,49
1856,False,-62.296347323377304,49
1857,False,59.64738050023132,49
1858,False,-65.32441975723208,49
1859,False,-96.52334166808427,49
1860,False,41.04079861213968,49
1861,False,-286.8150711026298,49
1862,False,54.42362248020841,49
1863,False,-208.3713420146981,49
1864,False,-16.85944396420905,49
1865,False,-196.50805310247463,49
1866,False,81.88154183742706,49
1867,False,-120.39677226154866,49
1868,False,-88.77343283925842,49
1869,False,-439.7766555681681,49
1870,False,-51.67846289705603,49
1871,False,-88.33592239829747,49
1872,False,17.210160013144705,49
1873,False,31.201245276283842,49
1874,False,-81.33454343789262,49
1875,False,29.884335483168385,49
1876,False,-137.9647980585428,49
1877,False,-356.08474791070296,49
1878,False,28.457846764278795,49
1879,False,-903.3474970181437,49
1880,False,1.4986690783309307,49
1881,False,-508.6397651945705,49
1882,False,-98.73927956674524,49
1883,False,-81.8559538936071,49
1884,False,-191.5604061595698,49
1885,False,-39.513938170586016,49
1886,False,-127.79582818277132,49
1887,False,11.920423968797067,49
1888,False,-41.922094616597334,49
1889,False,-49.07844130829302,49
1890,False,-177.0357622130049,49
1891,False,-1228.8992001480779,49
1892,False,-25.132077332727494,49
1893,False,-41.58771665089084,49
1894,False,-8.497261191658787,49
1895,False,-18.000758578180353,49
1896,False,-191.73226461589866,49
1897,False,-180.77998650223793,49
1898,False,-74.32420991692695,49
1899,False,-100.9233291451686,49
1900,False,-39.29326275072667,49
1901,False,-57.14090839640971,49
1902,False,-157.0335980342162,49
1903,False,-29.129422945634794,49
1904,False,-251.36309479870937,49
1905,False,-187.7501285761835,49
1906,False,-497.6498926738132,49
1907,False,-492.6123878542525,49
1908,False,-58.84842681294816,49
1909,False,-0.5940195079863742,49
1910,False,3.9610464300071726,49
1911,False,-61.85799728960011,49
1912,False,-309.52863465315636,49
1913,False,36.18182635982521,49
1914,False,-55.83932535492082,49
1915,False,-273.11151706945515,49
1916,False,-104.89959113314363,49
1917,False,4.578038075020229,49
1918,False,16.328494688949572,49
1919,False,19.276726994157446,49
1920,False,-65.26121250558191,49
1921,False,-1.5060683944119972,49
1922,False,-54.74036917340344,49
1923,False,-108.47509073975286,49
1924,False,-838.033303536155,49
1925,False,41.83116766034002,49
1926,False,10.228042264045513,49
1927,False,-353.17490433992145,49
1928,False,-265.3505964762568,49
1929,False,-18.876639054630626,49
1930,False,-34.527928132252484,49
1931,False,-121.56631897752658,49
1932,False,-176.0934936663044,49
1933,False,-11.406849765168872,49
1934,False,-235.9596795306311,49
1935,False,-283.68178239765143,49
1936,False,-37.81505367332228,49
1937,False,11.020629451096823,49
1938,False,-7.553274314234734,49
1939,False,-97.59820553486317,49
1940,False,3.377780982585051,49
1941,False,-8.67190561485301,49
1942,False,-145.2741460940627,49
1943,False,-487.2538445272531,49
1944,False,-66.26026517837991,49
1945,False,12.779355030396461,49
1946,False,8.290972505388872,49
1947,False,-27.329951386184298,49
1948,False,-73.8260662064817,49
1949,False,-476.1224290456329,49
1950,False,-67.08950791191053,49
1951,False,-65.81791498462793,49
1952,False,-65.37940346164272,49
1953,False,8.39385049003716,49
1954,False,-55.772817920351514,49
1955,False,-152.6193656047648,49
1956,False,-36.92208759014036,49
1957,False,-226.78086656121144,49
1958,False,-39.95422839543775,49
1959,False,18.84133241914066,49
1960,False,-35.11880795616805,49
1961,False,-72.51513357987311,49
1962,False,74.77129925233231,49
1963,False,-599.9799101917162,49
1964,False,-22.370158192505578,49
1965,False,-24.52522489459063,49
1966,False,61.693172338626965,49
1967,False,-70.8983674930496,49
1968,False,43.7212994327363,49
1969,False,-35.46021429578009,49
1970,False,-65.41187391066184,49
1971,False,-122.24107363851938,49
1972,False,77.68759144896406,49
1973,False,-69.11476106628311,49
1974,False,74.19680883452008,49
1975,False,25.055030985314897,49
1976,False,-95.65556860876484,49
1977,False,-514.9236766020772,49
1978,False,-111.95460902141264,49
1979,False,-556.6238953092445,49
1980,False,33.76442335710856,49
1981,False,-8.015715640620513,49
1982,False,-291.7180086606682,49
1983,False,-25.07585074726303,49
1984,False,-19.90893790865056,49
1985,False,-558.6568339809683,49
1986,False,74.47594155386555,49
1987,False,10.061663711705698,49
1988,False,-493.95126103277767,49
1989,False,8.661610302846178,49
1990,False,58.021035878264286,49
1991,False,88.50468090378766,49
1992,False,-100.68938620937577,49
1993,False,-38.91031136043184,49
1994,False,39.52264751362249,49
1995,False,-211.37179373999876,49
1996,False,46.111709562641586,49
1997,False,-8.450774868121812,49
1998,False,37.88413799268608,49
1999,False,-95.66361922611819,49
2000,False,-7.264258426669315,49
2001,False,-245.2537564682575,49
2002,False,69.18279173048649,49
2003,False,87.45392095837344,49
2004,False,-244.94052046453808,49
2005,False,-716.7542412558927,49
2006,False,18.685801591984276,49
2007,False,48.154353562214894,49
2008,False,-198.4496793253407,49
2009,False,19.260403379719023,49
2010,False,-51.39462871516258,49
2011,False,-41.85245713029353,49
2012,False,-31.972938121506438,49
2013,False,-155.60855947780954,49
2014,False,-3.8086513648380915,49
2015,False,-110.88892776569821,49
2016,False,46.50869975086108,49
2017,False,42.67851741805882,49
2018,False,-9.69433633340617,49
2019,False,87.89774101905726,49
2020,False,-3.432897869876818,49
2021,False,-69.91816882197847,49
2022,False,-28.44117021933595,49
2023,False,64.5688067135843,49
2024,False,-116.57381731468794,49
2025,False,63.40336884325205,49
2026,False,-9.796491894666545,49
2027,False,54.74022835229839,49
2028,False,4.223863431691637,49
2029,False,-32.02638359986603,49
2030,False,-68.05353530575044,49
2031,False,-57.16945446760074,49
2032,False,51.022955523648704,49
2033,False,-157.4606425149291,49
2034,False,-114.15783606321146,49
2035,False,-155.14808705521597,49
2036,False,-79.22863098326248,49
2037,False,-165.16790162379482,49
2038,False,-10.708905473963647,49
2039,False,18.371907141735367,49
2040,False,-313.64422334564654,49
2041,False,37.26328206657277,49
2042,False,-56.628505341419626,49
2043,False,-25.935309916501055,49
2044,False,-284.22188470311585,49
2045,False,-116.25403759355851,49
2046,False,-243.73424538920182,49
2047,False,-348.2400119633446,49
2048,False,-139.6103931141118,49
2049,False,55.447445687289346,49
2050,False,-5.325200435868775,49
2051,False,14.20856946131456,49
2052,False,50.496529175765,49
2053,False,-49.76707493777554,49
2054,False,49.176016700738295,49
2055,False,47.5177270008976,49
2056,False,-135.92810294419095,49
2057,False,-201.530854042665,49
2058,False,55.05161945843119,49
2059,False,-11.658285175284153,49
2060,False,-36.97364232992996,49
2061,False,-215.13820745688793,49
2062,False,30.275779170127684,49
2063,False,7.220016389255625,49
2064,False,-226.88936796135036,49
2065,False,-32.09172017427029,49
2066,False,102.3900050480228,49
2067,False,-241.25436889390974,49
2068,False,54.60839473050505,49
2069,False,-175.01480017211634,49
2070,False,2.6740449659383287,49
2071,False,28.86173131884373,49
2072,False,59.39574472209982,49
2073,False,-3.984774035661914,49
2074,False,-78.10792269886531,49
2075,False,-169.24889010470642,49
2076,False,75.71773735809438,49
2077,False,28.78244933770685,49
2078,False,-89.66387079107801,49
2079,False,40.02967504480982,49
2080,False,-170.6001094246223,49
2081,False,-155.5024131811423,49
2082,False,-159.08663652588314,49
2083,False,34.46685671001313,49
2084,False,-121.180767844789,49
2085,False,-25.431252182100835,49
2086,False,-113.04775317081351,49
2087,False,-92.46362851813905,49
2088,False,-273.3475059246894,49
2089,False,24.129336177294824,49
2090,False,-124.98967033250341,49
2091,False,38.101456295940324,49
2092,False,-19.82236491421496,49
2093,False,-352.394371463899,49
2094,False,34.93618204272454,49
2095,False,-2.664416796231592,49
2096,False,57.17266942938206,49
2097,False,85.36224117094989,49
2098,False,-144.29918210020577,49
2099,False,8.935217509272965,49
2100,False,-42.71997324983261,49
2101,False,-37.857904960556255,49
2102,False,-27.603823220994986,49
2103,False,-59.68243939797243,49
2104,False,-25.01849569433372,49
2105,False,-62.3770598732469,49
2106,False,61.86168822083687,49
2107,False,59.26865070920386,49
2108,False,-102.98906867267101,49
2109,False,34.49345588698031,49
2110,False,7.319500217020133,49
2111,False,-154.12980417866135,49
2112,False,18.823587079713853,49
2113,False,2.958812844053469,49
2114,False,8.554930472163733,49
2115,False,-5.728689035370024,49
2116,False,19.396824514123065,49
2117,False,33.55724256033358,49
2118,False,-20.013217522333676,49
2119,False,71.94271705176831,49
2120,False,24.27033789697377,49
2121,False,-10.885823911872762,49
2122,False,91.00712034840768,49
2123,False,-238.66667169272102,49
2124,False,-59.403062339406404,49
2125,False,-111.74379861028955,49
2126,False,0.24986963332160528,49
2127,False,-60.00688928897511,49
2128,False,-51.38238716177709,49
2129,False,-115.2660537629905,49
2130,False,-197.38249813153027,49
2131,False,23.595585651820848,49
2132,False,9.810457951982771,49
2133,False,14.500455614206917,49
2134,False,-38.256791609875414,49
2135,False,-139.5018592167791,49
2136,False,-172.35427199224299,49
2137,False,11.660240851267744,49
2138,False,-108.60642102139639,49
2139,False,-126.11290042943983,49
2140,False,52.87465995719223,49
2141,False,34.478110940916615,49
2142,False,18.09357023683428,49
2143,False,-9.460137193657658,49
2144,False,-198.50100987625243,49
2145,False,-78.14009905124212,49
2146,False,-263.71023865702443,49
2147,False,-18.955119850774537,49
2148,False,73.38198049525931,49
2149,False,51.5273205954277,49
2150,False,-43.59277070307695,49
2151,False,25.33007381952197,49
2152,False,-223.97552910589542,49
2153,False,-64.3039432923523,49
2154,False,-81.7428109530276,49
2155,False,-159.90370707841396,49
2156,False,42.92956164973446,49
2157,False,-557.9805336918922,49
2158,False,-242.67880297271114,49
2159,False,-201.59711210908563,49
2160,False,-75.96190852863064,49
2161,False,3.8849041841359337,49
2162,False,-86.20182070527856,49
2163,False,-82.87050019744245,49
2164,False,-123.83261338165603,49
2165,False,-199.01359144140815,49
2166,False,26.758243522075254,49
2167,False,-46.8709263339835,49
2168,False,-212.712421046447,49
2169,False,4.898065073190029,49
2170,False,60.83872090144351,49
2171,False,-67.73625413933806,49
2172,False,38.155811237247434,49
2173,False,-64.14338308660544,49
2174,False,-3.8518396944405,49
2175,False,-116.12036569514754,49
2176,False,37.935089235343476,49
2177,False,-38.45128724812709,49
2178,False,-123.7822564323329,49
2179,False,33.70344740066219,49
2180,False,-223.48188541894172,49
2181,False,46.86100453232295,49
2182,False,-97.01900309424327,49
2183,False,43.462411168844206,49
2184,False,-16.615325321130314,49
2185,False,-31.319432591620156,49
2186,False,-78.71805825742092,49
2187,False,-84.14120261685368,49
2188,False,-3.030825465103817,49
2189,False,-132.40811219991747,49
2190,False,-119.35105513211904,49
2191,False,-176.9540964141506,49
2192,False,-116.76008062032857,49
2193,False,-267.16724383417954,49
2194,False,42.88199612579211,49
2195,False,-324.91218721785054,49
2196,False,-163.10867687718556,49
2197,False,14.3558794706106,49
2198,False,-706.070685198855,49
2199,False,-4.272376830455222,49
2200,False,-95.75311971636445,49
2201,False,13.519995912328078,49
2202,False,68.07498606942318,49
2203,False,-44.067635908715786,49
2204,False,81.89167166368885,49
2205,False,-67.07447568081597,49
2206,False,-21.503438356813955,49
2207,False,-43.76019754266599,49
2208,False,14.389086543850913,49
2209,False,52.26618651870611,49
2210,False,67.3621326048116,49
2211,False,86.60582248017903,49
2212,False,2.555666053659129,49
2213,False,-19.94282200579007,49
2214,False,4.571868166217511,49
2215,False,-147.93064479911868,49
2216,False,-301.373174295006,49
2217,False,-6.467907452250115,49
2218,False,2.9462521155242314,49
2219,False,-154.7197577392689,49
2220,False,-35.56225178541263,49
2221,False,-76.46837152197426,49
2222,False,-125.11267920168476,49
2223,False,-357.491970146002,49
2224,False,-12.693669382155576,49
2225,False,49.83131814638565,49
2226,False,56.25522483347621,49
2227,False,-151.05158424815886,49
2228,False,65.61397530917458,49
2229,False,-49.50614292635754,49
2230,False,3.9588378325931615,49
2231,False,37.956002271950375,49
2232,False,-0.14053546638795034,49
2233,False,-43.303905211782364,49
2234,False,-113.04388864500277,49
2235,False,71.4904321114835,49
2236,False,54.63156304918793,49
2237,False,-42.387982268618366,49
2238,False,40.82456553243592,49
2239,False,-41.59751118477391,49
2240,False,9.448056825017233,49
2241,False,-79.78528985084627,49
2242,False,-161.39053986246103,49
2243,False,67.67684961307518,49
2244,False,-70.9692073034163,49
2245,False,-161.78467270280422,49
2246,False,-45.23845617575016,49
2247,False,23.016173547742504,49
2248,False,-62.58533513979519,49
2249,False,-20.307722458255284,49
2250,False,-681.8467124516064,49
2251,False,-230.88759078541017,49
2252,False,-403.0488545942057,49
2253,False,-78.82365169886017,49
2254,False,32.51801375369631,49
2255,False,24.569486165921873,49
2256,False,2.872238420587383,49
2257,False,-5.212485050198865,49
2258,False,73.26857936639107,49
2259,False,38.38815838362609,49
2260,False,64.39771532417734,49
2261,False,-24.46653601985821,49
2262,False,-77.74996819247262,49
2263,False,6.78907975956254,49
2264,False,-66.00073926896107,49
2265,False,9.316039616230016,49
2266,False,-84.73145416216147,49
2267,False,1.5099988007750245,49
2268,False,36.27072793666425,49
2269,False,-19.222264592011683,49
2270,False,-227.70420053140847,49
2271,False,-35.22794274824611,49
2272,False,-162.595748764811,49
2273,False,-24.323612115036653,49
2274,False,-557.356499787841,49
2275,False,-57.1620120417811,49
2276,False,-3.0607100288491016,49
2277,False,73.00964952214812,49
2278,False,-95.28450982041787,49
2279,False,8.028336327896582,49
2280,False,-156.35587483804747,49
2281,False,-290.7906010533417,49
2282,False,-170.06335067896708,49
2283,False,42.126185868985296,49
2284,False,-106.14405477075053,49
2285,False,50.21020719965667,49
2286,False,-11.407792246069981,49
2287,False,53.472269673967745,49
2288,False,-280.54587064122904,49
2289,False,13.883260518784738,49
2290,False,-528.7019010741546,49
2291,False,75.98419057663094,49
2292,False,4.355327815860605,49
2293,False,-185.196887098228,49
2294,False,-422.0954530852488,49
2295,False,24.949853521492884,49
2296,False,19.16975606599639,49
2297,False,-44.40271912131371,49
2298,False,-98.26523123249605,49
2299,False,-33.6615431789271,49
2300,False,-106.00152301024598,49
2301,False,-138.67471822718588,49
2302,False,28.528564754191322,49
2303,False,-250.835120747078,49
2304,False,36.36687261038683,49
2305,False,20.342311556448877,49
2306,False,-91.81792433383801,49
2307,False,-46.13910289276716,49
2308,False,26.572510468830025,49
2309,False,33.536958996836184,49
2310,False,-276.7527131561602,49
2311,False,-33.64604449005493,49
2312,False,-122.21359608766394,49
2313,False,-21.022369512794786,49
2314,False,-67.53061630481662,49
2315,False,51.98714046654671,49
2316,False,61.47470582088048,49
2317,False,4.060104816746357,49
2318,False,21.73389036315673,49
2319,False,-74.19655498687999,49
2320,False,57.27018114576007,49
2321,False,67.57724720275539,49
2322,False,48.55905988434272,49
2323,False,-327.2310030457569,49
2324,False,55.921514551120154,49
2325,False,-44.5410453051488,49
2326,False,-119.45778415434721,49
2327,False,-356.8269049473957,49
2328,False,68.39736723028355,49
2329,False,-64.88675803199108,49
2330,False,41.113117970675226,49
2331,False,74.06722222297083,49
2332,False,62.518563922027596,49
2333,False,52.52466812449399,49
2334,False,86.05352589538137,49
2335,False,-116.51014091205053,49
2336,False,11.86278587343216,49
2337,False,-169.6304913554832,49
2338,False,13.006114674932732,49
2339,False,105.10197498315947,49
2340,False,30.86546887210531,49
2341,False,41.3415446924551,49
2342,False,-96.42216867892486,49
2343,False,11.817810357449911,49
2344,False,-3.8778658099415964,49
2345,False,33.732754418239566,49
2346,False,-40.23542228013689,49
2347,False,-159.22567436756648,49
2348,False,-133.2649732759005,49
2349,False,-109.81867830677653,49
2350,False,-176.05983996936163,49
2351,False,-54.124248585169155,49
2352,False,76.41365583879424,49
2353,False,66.61921645226144,49
2354,False,-68.26870358293107,49
2355,False,85.00516225427808,49
2356,False,-12.244392189149238,49
2357,False,-51.77102768635392,49
2358,False,24.243936821494085,49
2359,False,59.85550512742823,49
2360,False,-63.055674137479414,49
2361,False,-401.0278957571795,49
2362,False,-43.84383373013048,49
2363,False,44.46543854555657,49
2364,False,25.56983365947778,49
2365,False,64.96586628396149,49
2366,False,-31.35084480105928,49
2367,False,-558.1888904048919,49
2368,False,24.041028072239794,49
2369,False,-25.079715231147468,49
2370,False,-19.074885472011363,49
2371,False,-159.22213253098306,49
2372,False,-170.87520125857296,49
2373,False,-5.808306198446026,49
2374,False,-25.764255514161295,49
2375,False,-277.8496472626773,49
2376,False,18.67991170371743,49
2377,False,17.183134313190656,49
2378,False,38.78766715455086,49
2379,False,96.34492914767796,49
2380,False,9.60811151772776,49
2381,False,9.609871394383624,49
2382,False,-2390.5129667130577,49
2383,False,-32.51206134537603,49
2384,False,53.77647895618379,49
2385,False,29.42100011054685,49
2386,False,35.774231931571876,49
2387,False,-75.15504414241948,49
2388,False,-236.4449481643439,49
2389,False,60.799554090671734,49
2390,False,-44.61610097599848,49
2391,False,70.74387123884193,49
2392,False,25.34960715110251,49
2393,False,-56.23534858298753,49
2394,False,10.187536695175705,49
2395,False,-420.1432906887104,49
2396,False,62.0061846913502,49
2397,False,-44.077593889330444,49
2398,False,12.91803004118966,49
2399,False,53.01746805221521,49
2400,False,-125.18398248692952,49
2401,False,61.737367439292996,49
2402,False,4.363247077014485,49
2403,False,71.4935689011702,49
2404,False,-38.66298334195356,49
2405,False,-126.5072862004432,49
2406,False,78.44194334347588,49
2407,False,59.43562035468344,49
2408,False,-16.568373207784433,49
2409,False,-2.4484503192390576,49
2410,False,57.68569245462905,49
2411,False,3.936600025196473,49
2412,False,-68.86762849621404,49
2413,False,2.363732455605401,49
2414,False,-178.62281239875185,49
2415,False,-46.88376560984722,49
2416,False,-95.40944162744384,49
2417,False,29.213407006633368,49
2418,False,68.09899293028342,49
2419,False,-475.2808692149087,49
2420,False,-36.603687782427585,49
2421,False,42.22589149343023,49
2422,False,-85.29158327658774,49
2423,False,-34.63757467338481,49
2424,False,0.4707273498898559,49
2425,False,27.713857025106783,49
2426,False,1.3616302094336383,49
2427,False,-152.24742770773761,49
2428,False,66.35203334604282,49
2429,False,86.17142300649631,49
2430,False,6.948437426575737,49
2431,False,-37.548196007465194,49
2432,False,71.87034058892999,49
2433,False,-80.53023847611126,49
2434,False,-229.5494365959277,49
2435,False,-167.92922105449733,49
2436,False,7.3931355865106205,49
2437,False,76.03833862945648,49
2438,False,-195.1864725175776,49
2439,False,-105.65909717233215,49
2440,False,-53.85638686057053,49
2441,False,-20.622911062388212,49
2442,False,3.0980989321175785,49
2443,False,96.04747677962567,49
2444,False,39.910325005745264,49
2445,False,66.15376875244908,49
2446,False,51.984698649910186,49
2447,False,61.067406160592306,49
2448,False,68.11437828286361,49
2449,False,33.54000920999984,49
2450,False,42.509261350495564,49
2451,False,-48.038757562266,49
2452,False,54.18420988940108,49
2453,False,-36.2445501644757,49
2454,False,56.42365527964152,49
2455,False,-76.97653381963904,49
2456,False,-16.053526901131967,49
2457,False,15.828891656670791,49
2458,False,24.915148041957707,49
2459,False,-246.20703929933262,49
2460,False,-11.577362015273977,49
2461,False,-372.80729501852096,49
2462,False,14.93854170174059,49
2463,False,-128.61605385169443,49
2464,False,49.52271156091845,49
2465,False,-94.6228559345331,49
2466,False,77.6213842036789,49
2467,False,54.39344477750359,49
2468,False,59.31392529169602,49
2469,False,-168.03132850179554,49
2470,False,-33.43579307154645,49
2471,False,29.455510078487983,49
2472,False,-21.58268422454113,49
2473,False,-265.8415224047647,49
2474,False,60.72129777173315,49
2475,False,59.65312277030684,49
2476,False,13.56220846165844,49
2477,False,53.896888674924725,49
2478,False,-767.5919566081366,49
2479,False,-90.70004477946355,49
2480,False,-793.359703398186,49
2481,False,94.67725632122638,49
2482,False,-1.758377370697497,49
2483,False,-94.34840747677295,49
2484,False,78.34325702177732,49
2485,False,7.756431527011316,49
2486,False,5.409400152233232,49
2487,False,-55.253992222070124,49
2488,False,-200.76805267727576,49
2489,False,8.906522374346238,49
2490,False,12.701975602056084,49
2491,False,-327.4378071594954,49
2492,False,-0.34805439771637836,49
2493,False,-40.885429416318914,49
2494,False,-164.65589867455472,49
2495,False,-14.897059964375089,49
2496,False,48.589896876959756,49
2497,False,77.5478740661707,49
2498,False,80.56446496687363,49
2499,False,11.260455467051415,49
2500,False,-32.387201566152676,49
2501,False,31.375768590593818,49
2502,False,8.800769521198452,49
2503,False,-1.1346217093259376,49
2504,False,-5.886068261969278,49
2505,False,-21.3781951319241,49
2506,False,-2.390166335510564,49
2507,False,60.13352378607901,49
2508,False,27.610381298778954,49
2509,False,64.58897472537535,49
2510,False,63.8024183160759,49
2511,False,36.2308801896217,49
2512,False,99.76069418793058,49
2513,False,-13.367796429968447,49
2514,False,12.119319217970386,49
2515,False,63.733509473052514,49
2516,False,-187.57643556439,49
2517,False,-43.55645550838652,49
2518,False,91.07450507484091,49
2519,False,-44.36036723244658,49
2520,False,26.112005384864872,49
2521,False,56.84547638002722,49
2522,False,-15.021254578379434,49
2523,False,48.84517929995653,49
2524,False,35.66624183484857,49
2525,False,37.56108318431092,49
2526,False,33.74954359763813,49
2527,False,-16.900686096988665,49
2528,False,30.19992848020363,49
2529,False,-30.34101571376288,49
2530,False,56.220126591847915,49
2531,False,20.811886015545856,49
2532,False,-58.653552483363086,49
2533,False,85.92731404049236,49
2534,False,42.16122367592485,49
2535,False,38.290130178228196,49
2536,False,17.80643190785144,49
2537,False,8.485077343358231,49
2538,False,58.54819398499879,49
2539,False,-10.744563602269182,49
2540,False,15.449498000200972,49
2541,False,36.57263717588867,49
2542,False,0.18312353723672947,49
2543,False,-79.81349627427942,49
2544,False,-78.29882319823102,49
2545,False,52.481551179245315,49
2546,False,-123.79119967240446,49
2547,False,65.70544757677976,49
2548,False,52.866728027247916,49
2549,False,35.93676664246829,49
2550,False,65.19668793946799,49
2551,False,92.32354782422256,49
2552,False,-4.798937175155224,49
2553,False,51.728456496936786,49
2554,False,63.0828418817258,49
2555,False,-19.02017640597792,49
2556,False,-15.07126844925649,49
2557,False,18.669773801813804,49
2558,False,72.36935413012876,49
2559,False,-131.60643861246788,49
2560,False,-71.29785001367242,49
2561,False,51.45262358397099,49
2562,False,10.486972207728474,49
2563,False,-5.878489318939636,49
2564,False,-103.64922646183228,49
2565,False,-134.50212507330275,49
2566,False,76.64122130940163,49
2567,False,-124.39993976278853,49
2568,False,-93.84004029272097,49
2569,False,-8.955115036479349,49
2570,False,-16.286134432411714,49
2571,False,22.507307331385526,49
2572,False,5.835320228510314,49
2573,False,-115.11994552239331,49
2574,False,-29.067516633582187,49
2575,False,95.62481139690452,49
2576,False,55.70958589122584,49
2577,False,-171.38028669364488,49
2578,False,22.161078796977307,49
2579,False,78.20852789327361,49
2580,False,91.47222165181624,49
2581,False,0.9123348169904641,49
2582,False,32.61738952729502,49
2583,False,69.93606082706788,49
2584,False,50.05680410897844,49
2585,False,43.56467681201906,49
2586,False,5.720288998949858,49
2587,False,-100.26210098512091,49
2588,False,-14.421628997368174,49
2589,False,-31.138603223757542,49
2590,False,-31.092413461848153,49
2591,False,9.027608810674863,49
2592,False,-41.01727112271519,49
2593,False,-4.397683686227975,49
2594,False,8.219387675094499,49
2595,False,66.49863215727564,49
2596,False,-234.67561882501795,49
2597,False,9.062155737275475,49
2598,False,68.53039081771868,49
2599,False,-31.552391698925824,49
2600,False,62.099970875317624,49
2601,False,7.685107828926746,49
2602,False,-14.731385331326152,49
2603,False,-194.47487970027507,49
2604,False,-173.9027947425172,49
2605,False,-55.5664270176152,49
2606,False,69.38585852155762,49
2607,False,-105.47015105264572,49
2608,False,32.45747445051197,49
2609,False,-86.60061867643412,49
2610,False,54.37719914009921,49
2611,False,87.05321868734653,49
2612,False,43.106924202703865,49
2613,False,18.959612039582176,49
2614,False,35.31542700317469,49
2615,False,75.17935166181192,49
2616,False,21.384329412709494,49
2617,False,25.42218686309788,49
2618,False,-58.70762686780143,49
2619,False,8.598025386155301,49
2620,False,-17.85519168517608,49
2621,False,-75.85945989725016,49
2622,False,-433.9938095825109,49
2623,False,76.29249422426807,49
2624,False,-6.279634144506872,49
2625,False,-200.69015884456888,49
2626,False,-182.370750595706,49
2627,False,44.196716723198165,49
2628,False,39.937323805328184,49
2629,False,15.754125906720123,49
2630,False,85.84279147363144,49
2631,False,71.94855772629074,49
2632,False,29.254249407959957,49
2633,False,4.964698729777857,49
2634,False,21.756313436922753,49
2635,False,82.06017079065155,49
2636,False,89.98786610827655,49
2637,False,-19.489359554755573,49
2638,False,43.44547657066228,49
2639,False,77.1251748768101,49
2640,False,-353.29340762604687,49
2641,False,-264.07523730404336,49
2642,False,-12.265929492073997,49
2643,False,-125.8664250188767,49
2644,False,22.969344633711422,49
2645,False,67.34984913487261,49
2646,False,26.546630395289142,49
2647,False,72.26357538049261,49
2648,False,25.326780998952305,49
2649,False,35.246050504160664,49
2650,False,-101.39494295251228,49
2651,False,-138.62360224152116,49
2652,False,-142.5452355902529,49
2653,False,80.1140431137515,49
2654,False,15.597500643199126,49
2655,False,-4.701408115019685,49
2656,False,31.051775632674776,49
2657,False,-52.47051702256394,49
2658,False,-60.29108918061278,49
2659,False,56.5791437792874,49
2660,False,-67.10335176042128,49
2661,False,-5.073688858702271,49
2662,False,-197.59239790550424,49
2663,False,-35.14692340672591,49
2664,False,-10.842854163158918,49
2665,False,51.11424008686538,49
2666,False,54.56868147229005,49
2667,False,-86.98676241939548,49
2668,False,-104.8866816905288,49
2669,False,56.811498564771085,49
2670,False,68.88036269940459,49
2671,False,15.834758360741528,49
2672,False,65.94715248819217,49
2673,False,12.415671741775306,49
2674,False,38.28618169921879,49
2675,False,10.820510539571194,49
2676,False,18.97063983627808,49
2677,False,-8.526909774028493,49
2678,False,15.184561955194974,49
2679,False,-27.350312750660148,49
2680,False,84.65872053576854,49
2681,False,51.84309049928854,49
2682,False,54.341971843699554,49
2683,False,-1.9140685141999327,49
2684,False,39.172494466938474,49
2685,False,57.334952810147506,49
2686,False,8.557861740512077,49
2687,False,27.189864099398836,49
2688,False,10.194633156764548,49
2689,False,23.109271662669627,49
2690,False,45.26655451401706,49
2691,False,49.11875365607107,49
2692,False,-64.47879685460097,49
2693,False,91.99966891490428,49
2694,False,-10.70919252706424,49
2695,False,-54.09822710019648,49
2696,False,-19.652014588142006,49
2697,False,17.804993202592065,49
2698,False,43.90247985542988,49
2699,False,30.119064361799502,49
2700,False,-201.17950664135213,49
2701,False,67.47450463498205,49
2702,False,53.77465971995663,49
2703,False,66.51243432753148,49
2704,False,53.973007009245016,49
2705,False,-67.52227933490184,49
2706,False,85.86311288720167,49
2707,False,-37.742167831151534,49
2708,False,56.94054803735035,49
2709,False,27.362443701786077,49
2710,False,34.42706525463425,49
2711,False,59.23083478399745,49
2712,False,45.64266968485151,49
2713,False,-15.412476191971784,49
2714,False,-97.31332261960084,49
2715,False,-63.974743356386604,49
2716,False,-293.8267534190801,49
2717,False,35.198344511966674,49
2718,False,-22.49124106683667,49
2719,False,-61.174985094319226,49
2720,False,7.627316933526767,49
2721,False,-8.508047991186121,49
2722,False,55.386661300699544,49
2723,False,-108.47762834702513,49
2724,False,114.96626793668277,49
2725,False,18.6914721353587,49
2726,False,106.17671315288277,49
2727,False,72.088746287961,49
2728,False,62.028340170697085,49
2729,False,13.121930058630998,49
2730,False,-17.465119007988022,49
2731,False,47.90602964257557,49
2732,False,96.66882224353499,49
2733,False,69.23716894871619,49
2734,False,-180.53004023152067,49
2735,False,55.3208606629572,49
2736,False,54.39083130360956,49
2737,False,15.472072005573207,49
2738,False,122.82403285504108,49
2739,False,89.02787120433837,49
2740,False,20.59555435107222,49
2741,False,34.66186348336735,49
2742,False,-5.63693578490485,49
2743,False,43.3780600210534,49
2744,False,67.19645463054866,49
2745,False,79.02195413813429,49
2746,False,-62.1880560140163,49
2747,False,-177.28519187265886,49
2748,False,-66.93534818747789,49
2749,False,3.906426208954599,49
2750,False,51.36297096110256,49
2751,False,-74.76044265674652,49
2752,False,-68.45170473058559,49
2753,False,52.95127677983505,49
2754,False,-53.87305888070874,49
2755,False,-237.70157750664757,49
2756,False,40.2328715095292,49
2757,False,-64.65912565642205,49
2758,False,-7.818521745384459,49
2759,False,77.38192250129936,49
2760,False,-75.82961447165454,49
2761,False,-8.449424639566935,49
2762,False,-31.919638889683377,49
2763,False,19.676160142084367,49
2764,False,57.65645340012734,49
2765,False,95.26061416733832,49
2766,False,63.34867423678346,49
2767,False,101.40254944057469,49
2768,False,71.12771001389453,49
2769,False,34.007247199019574,49
2770,False,75.07090413674382,49
2771,False,39.647969733267715,49
2772,False,6.599529106281835,49
2773,False,20.69557839816337,49
2774,False,75.94314429680588,49
2775,False,5.551194131608375,49
2776,False,-16.947640423316237,49
2777,False,-147.11451521045493,49
2778,False,86.97776655620359,49
2779,False,75.25282373705613,49
2780,False,-134.9089237480145,49
2781,False,52.76972908602387,49
2782,False,52.93878018219228,49
2783,False,0.2780353808615139,49
2784,False,20.58885049649804,49
2785,False,59.215774079291776,49
2786,False,-21.29349592755574,49
2787,False,-6.312739598967255,49
2788,False,-51.46495441341955,49
2789,False,-152.60920053743237,49
2790,False,19.749828563641728,49
2791,False,-4.20243643206247,49
2792,False,-1309.9395563137218,49
2793,False,62.44246347888128,49
2794,False,-7.19505255516664,49
2795,False,110.3826815596309,49
2796,False,-167.54664609867896,49
2797,False,57.617469570815715,49
2798,False,-17.226141169278065,49
2799,False,75.65184367829275,49
2800,False,50.694108794385144,49
2801,False,68.92378165123678,49
2802,False,-49.037226484398985,49
2803,False,-72.316692426159,49
2804,False,-38.65627797404352,49
2805,False,33.27849969001547,49
2806,False,-63.78122876889901,49
2807,False,-65.49473133373357,49
2808,False,78.36662137271273,49
2809,False,2.419736794648067,49
2810,False,98.55005802571337,49
2811,False,6.662188067551533,49
2812,False,80.8705440894337,49
2813,False,98.21320382153999,49
2814,False,76.95969502994129,49
2815,False,53.53314607896362,49
2816,False,-66.02491339275012,49
2817,False,-68.66517993563636,49
2818,False,47.637357720315094,49
2819,False,26.997840248389956,49
2820,False,9.864166683030959,49
2821,False,-71.33497551187861,49
2822,False,-194.4016802193916,49
2823,False,-142.79121871337085,49
2824,False,122.43704123768894,49
2825,False,48.27107470882501,49
2826,False,96.65421958336269,49
2827,False,-88.22137638621034,49
2828,False,47.845536272988625,49
2829,False,93.46164806064769,49
2830,False,23.8804916233546,49
2831,False,-647.0654438852023,49
2832,False,103.63162794046761,49
2833,False,68.67425540429718,49
2834,False,17.119000998911062,49
2835,False,-274.2138897801165,49
2836,False,55.94577512747369,49
2837,False,-23.62050918239754,49
2838,False,-277.1843758999772,49
2839,False,89.49920080877767,49
2840,False,20.726469433448017,49
2841,False,65.72734165479649,49
2842,False,-8.613745714862917,49
2843,False,70.90937409974165,49
2844,False,81.1618627101254,49
2845,False,63.704315648067016,49
2846,False,58.489627840404225,49
2847,False,-170.57509411369102,49
2848,False,-25.689760795331363,49
2849,False,-9.448456157353363,49
2850,False,40.7320383514994,49
2851,False,75.21492449208897,49
2852,False,71.57354960489144,49
2853,False,-189.71751910172924,49
2854,False,72.73431375565858,49
2855,False,6.469831991760643,49
2856,False,107.6218697714049,49
2857,False,-157.54719959016148,49
2858,False,48.62756710984847,49
2859,False,-218.8864016240629,49
2860,False,11.309212960996899,49
2861,False,-112.29141537170332,49
2862,False,-49.93110942110177,49
2863,False,-9.75184944574926,49
2864,False,-50.27249250249979,49
2865,False,-94.55557977283452,49
2866,False,49.514892839739,49
2867,False,89.21033155622969,49
2868,False,16.71950961515549,49
2869,False,58.803236308465884,49
2870,False,57.206918757219945,49
2871,False,34.70016011186672,49
2872,False,-32.886302027681765,49
2873,False,65.78895970477939,49
2874,False,14.868658269623694,49
2875,False,61.50122239004442,49
2876,False,88.21450023310139,49
2877,False,-108.9664542534543,49
2878,False,-49.9100445781725,49
2879,False,-35.66521123355274,49
2880,False,85.01354631452998,49
2881,False,65.08539904997892,49
2882,False,71.92164688818279,49
2883,False,26.514046687133202,49
2884,False,63.323364104349764,49
2885,False,51.64975396296841,49
2886,False,-21.04347442000079,49
2887,False,5.21377778779922,49
2888,False,8.556224389285134,49
2889,False,-63.144431672584744,49
2890,False,84.14668448615372,49
2891,False,88.12910530384954,49
2892,False,3.327643204070874,49
2893,False,75.05093541961345,49
2894,False,55.17387284026297,49
2895,False,71.47841185429303,49
2896,False,87.4395336895821,49
2897,False,-87.49904624436869,49
2898,False,81.86218781014576,49
2899,False,83.7639745406332,49
2900,False,-57.51374775059716,49
2901,False,55.95318308228639,49
2902,False,66.70579484278974,49
2903,False,-25.844284161187943,49
2904,False,-46.383878542989805,49
2905,False,8.490528203373081,49
2906,False,-92.99679637951598,49
2907,False,55.22508464804926,49
2908,False,87.1903950603703,49
2909,False,57.28364939850947,49
2910,False,24.13628736384605,49
2911,False,35.43271951462178,49
2912,False,-11.71247462132122,49
2913,False,-16.056311492224058,49
2914,False,5.761573295095152,49
2915,False,76.9722379531505,49
2916,False,78.36993981364228,49
2917,False,37.902476582951486,49
2918,False,101.58725721304307,49
2919,False,70.17963058526642,49
2920,False,-106.05351351351464,49
2921,False,-31.66295779028585,49
2922,False,-84.45826912058769,49
2923,False,-137.6432640013528,49
2924,False,55.58393619916946,49
2925,False,46.89832634979989,49
2926,False,28.0968825835617,49
2927,False,39.15397033724277,49
2928,False,101.16140585133874,49
2929,False,-288.3573600820838,49
2930,False,81.78586649049154,49
2931,False,80.01993807230728,49
2932,False,52.28139687203147,49
2933,False,93.70340815580437,49
2934,False,37.19079355332862,49
2935,False,84.50527142815619,49
2936,False,-14.37798174202417,49
2937,False,82.9164099291141,49
2938,False,56.36636072479468,49
2939,False,49.66962779875372,49
2940,False,-31.949325257388256,49
2941,False,64.59851218311081,49
2942,False,66.43924414149654,49
2943,False,-134.44601250588659,49
2944,False,66.37817728323469,49
2945,False,46.90507551911721,49
2946,False,-95.3948078801587,49
2947,False,-447.7127408214176,49
2948,False,24.527230868516497,49
2949,False,53.05753705003928,49
2950,False,98.98573255718458,49
2951,False,81.00276127114005,49
2952,False,-31.586496119773145,49
2953,False,20.497571495055624,49
2954,False,91.38184284336813,49
2955,False,-7.323604297840925,49
2956,False,66.63023873226172,49
2957,False,-9.133421007798425,49
2958,False,40.18592610677994,49
2959,False,-87.12095366022122,49
2960,False,41.69001700299053,49
2961,False,19.0211292835303,49
2962,False,52.86610153080036,49
2963,False,31.38429682024323,49
2964,False,23.991810037067232,49
2965,False,7.07103767810721,49
2966,False,15.54564785667564,49
2967,False,-17.152829341723926,49
2968,False,-16.842071861137434,49
2969,False,21.231027138066857,49
2970,False,112.99610860429681,49
2971,False,59.261325357341384,49
2972,False,-13.220111960407614,49
2973,False,-121.38623627360472,49
2974,False,49.653756588354334,49
2975,False,63.45617999873279,49
2976,False,39.753260418304734,49
2977,False,37.68444821637215,49
2978,False,19.831579269438265,49
2979,False,28.108065622680428,49
2980,False,49.63910898178726,49
2981,False,103.109487865057,49
2982,False,54.99630017427728,49
2983,False,-14.15662147894436,49
2984,False,-34.66043025934576,49
2985,False,-216.3624562733752,49
2986,False,75.42911158811413,49
2987,False,-29.72443541277151,49
2988,False,-50.801368918823485,49
2989,False,-11.8825512385067,49
2990,False,-19.689467198117214,49
2991,False,96.89115440746045,49
2992,False,20.497318163847495,49
2993,False,34.721522035425565,49
2994,False,28.879250772876745,49
2995,False,68.59107037047278,49
2996,False,60.379345533576796,49
2997,False,-4.5610532973042615,49
2998,False,55.426101150762385,49
2999,False,35.195584546010686,49
