-0.11410173605366492 0.7267388404199191 -0.13600232574827809 -0.3566571613263818 -0.206776049585568 0.24143097045486628 -0.08932539000777666 0.013963732115216771 1.0 334.22113503325136
-0.2313309713967696 0.7712067492691785 -0.23521320865245154 -0.3109310215132527 -0.21838525718135485 0.2563122600681226 -0.14159260303263835 0.012101510464587477 0.0 336.3431026648865
-1.3580570537622574 -1.2641984320387731 -0.33438011865165296 0.7008950027344264 0.22192266873104302 -0.3528129683971275 0.17484316328755084 -0.10117926214869727 0.0 194.56587472835258
0.8883688490038535 -1.0146608680417482 0.3574126336578214 -0.38987870091395793 -0.17860026961319705 0.2484881305539824 -0.11995873658972926 -0.0007049122015939702 1.0 328.787033997269
-1.345885916208152 -1.2546010033718797 -0.312015456411156 0.7224541542033751 0.2382372502726281 -0.3561360403937294 0.18010178362974386 -0.10682444926459823 0.0 194.97747626527388
0.17949768905765517 0.27685453573451757 -0.0210237221312779 -0.37464226890568625 -0.1733983955898165 0.26720282621669467 -0.06544107229274801 0.03507954367128264 1.0 339.0722655896087
0.3012982674936948 -1.0152639691557837 -0.9041788317067723 0.42190185682496123 0.30552721048303255 0.19979117082230233 0.04981411020819906 0.2119077834247588 0.0 326.77761407936737
-1.3785741973577554 -1.2186045953487736 -0.3354143427184546 0.7186343360588393 0.2312971870656648 -0.3619363856801283 0.1781819751344756 -0.11150720164873405 0.0 193.41367284384756
-1.1612053989655222 -1.4281892653696726 -0.16220406592479747 0.7373653944456621 0.26876622099132363 -0.3319087101354171 0.17143942408534316 -0.09513139585647906 0.0 203.28209675679864
-1.2675052317226463 -1.3514136387067701 -0.273962313786974 0.7093123795797848 0.23690620791353667 -0.33998959403926304 0.17389045506761477 -0.09186660669954336 0.0 198.74673452430434
-0.19556206962759748 0.656102897882515 -0.14631667611410215 -0.2996390582712147 -0.2183517706637093 0.24022954281196063 -0.13922762107607525 -0.0032357953886929637 0.0 336.21735835538954
-1.4267352105042508 1.5707963267948966 0.07817387995021627 0.10529802795777186 -0.16967725578395546 0.20209063738122382 -0.11325224288690067 -0.04761362744557516 1.0 308.2382096623545
-1.3658289319162744 -1.2463544491295482 -0.3260692510546672 0.6929427283576095 0.21061309143388343 -0.3514395747983082 0.15891602570643074 -0.10071379760677872 0.0 194.62000804607896
-0.13025040416741918 0.7191061995566712 -0.40876585203538607 -0.3354889553577851 -0.1971925298874845 0.2509775608235691 -0.15133830510104646 -0.0008823050192438586 0.0 335.5487059914014
-1.135692559731269 -1.4637115974717911 -0.18340448396546694 0.7156438914916413 0.25322148943608963 -0.3217304846092205 0.16333068894086836 -0.08203141089500406 0.0 204.88695171435575
0.5180292772736887 -0.6957590682858732 0.21050245396135425 -0.2987562507129448 -0.19528490874941126 0.3015517189108971 -0.18689660866961588 0.045689180865765594 0.0 341.5791123560806
-1.3273078986731033 -1.2494237417034542 -0.28968290873591984 0.7122435164066735 0.22285809974750975 -0.35634247099288757 0.15329820242040398 -0.10997400175023557 0.0 195.94961842225013
-1.175857130822446 -1.4152227277543883 -0.17294568574545188 0.737091695527574 0.26709480093409693 -0.33365153783052137 0.17271783074040542 -0.09568307468848218 0.0 202.6409568272405
-1.354664196030006 -1.2570170366401652 -0.3191812012690374 0.691159354206045 0.20944723255845815 -0.35099611750053755 0.15589868223146708 -0.10065923505809224 0.0 195.02743807367887
-0.3247196102010812 0.8245045682140546 -0.3612487983333476 -0.20094993609458328 -0.14888696776362564 0.3016837536890904 -0.1135350446634456 0.048136433675164764 1.0 340.6947165268414
0.35607651231165716 -0.384237999942044 0.107216987742764 -0.26298408698349873 -0.15884050647495912 0.277131237636159 -0.13862337225640942 0.02193078811242856 0.0 341.86157020966345
-1.2865755122045979 -1.3559539181765516 -0.2929491943074607 0.719069712600132 0.2515625216417462 -0.3324743113666358 0.19917014054938648 -0.081892906716175 0.0 198.5298650322095
0.553232525753881 -0.502469596513782 0.3056946670205939 -0.3906107719624234 -0.20335180682309384 0.25597762040224725 -0.11401888887755689 0.016070072116535813 1.0 336.9078878823915
-1.1024461738141746 -1.4798689326879124 -0.11760041338753591 0.7382003082928625 0.27576163518382657 -0.32407628109773784 0.16633283231852147 -0.09264305302408558 0.0 205.91509497686135
-1.3553045981898961 -1.2403554491893107 -0.30952449260534987 0.7307528773193763 0.24452469038600355 -0.35653673709410727 0.18456637527903383 -0.10765724335736251 0.0 194.71981910072813
-0.008109948829151836 0.34989831201411903 -0.07138136508632431 -0.30265204227004344 -0.19635666939706425 0.22968592456206977 -0.12797300949585177 -0.017011616997712052 0.0 337.28761921431584
-0.06647651992946901 0.488010094591921 -0.06283216090192223 -0.33180955006225643 -0.22042142460865763 0.2165434691767382 -0.1305504232425241 -0.023163028579525076 0.0 334.93759570801046
-1.1372007164840459 -1.4687712485720543 -0.13617817109008534 0.7059817754484237 0.24518511695995954 -0.3249309532823162 0.14562548504192763 -0.0890837958996778 0.0 204.41289766041757
-1.155641858037443 -1.4426902770843752 -0.2030498472817872 0.7215398775513308 0.25614512365550013 -0.3185117930124426 0.17072158421105854 -0.07718458596377814 0.0 204.6361854442593
-0.26260902416901555 0.548119836441542 -0.13035847623103303 -0.23239096426894862 -0.2252258151494871 0.21381899914273161 -0.18566597910020677 -0.03910593305035832 0.0 335.1520014261306
-1.3017976209039714 -1.27925441094232 -0.27505865731348567 0.7162911640652709 0.23019462631618468 -0.35053693823303034 0.15809992024250988 -0.10489827004482465 0.0 197.2572571695719
-1.3057539337867443 -1.3346832662480337 -0.30487703864696125 0.7153142501562758 0.2455200482897027 -0.33688232806129464 0.19559478361067334 -0.08579774092012059 0.0 197.5217381189808
-0.3895953545089992 0.8103664689382557 0.27069439222143576 -0.2056779379334455 -0.19636658910450563 0.25221717146084077 -0.03312389497708693 0.05501721008369657 1.0 336.15142250737927
-0.8466561893768112 0.9442592466940749 0.5180442822916833 0.0787955168684985 -0.13298136869651642 0.34248037115582347 0.014855339084756168 0.13348202239316095 0.0 339.32433413997364
0.7652154366908559 -1.5707963267948966 -0.20413625851518669 0.31741633709843853 0.30814059396627386 0.38671865623068186 0.09139015919589638 0.25050099592197855 0.0 335.8244463559447
-0.10661787780422427 0.5751041249391722 -0.15980122669778196 -0.3302480105409327 -0.21808396030942873 0.2504189477202431 -0.14030960423883954 0.006519067665064995 0.0 337.55556744890293
-1.3852925161455962 -1.2217507110302304 -0.350258818951364 0.7345217556659887 0.249525287530536 -0.357329715217364 0.20261349171823612 -0.10566468910767583 0.0 193.4951917258017
-1.202862877993756 -1.3847384221470005 -0.21626302136797482 0.731022427954723 0.256795936833783 -0.33789911011689583 0.17197171592740546 -0.09636059662318587 0.0 201.46092442785707
-1.1892483551377402 -1.4031816506245292 -0.19199736726542982 0.7395499219491564 0.2682795992760711 -0.3337259461091054 0.17877692490871994 -0.09388167739664084 0.0 202.2077655750156
0.09390091472032569 0.3849056577470722 -0.03801104857883719 -0.36222607013767544 -0.1820190090266115 0.2534656440795555 -0.07279428246547014 0.021936032451217783 1.0 337.74861317383784
-1.1137199348817979 -1.4847100917857627 -0.15050042361588778 0.7109097150307542 0.25129711193495496 -0.32172033033331815 0.15333887408154623 -0.08520355378294311 0.0 205.54853204537045
-0.36387780388409663 -0.4349153430176499 0.43345071988910266 0.41425389284547603 0.06571884042038591 0.3758988464668477 -0.025742061487093508 0.13679446470985113 1.0 341.8329951784102
-1.3645283081922757 -1.274057581939131 -0.3432812327740069 0.7068282417807288 0.2320474023919269 -0.34745384142988256 0.19133130910813406 -0.09471246828169683 0.0 194.63643664973708
0.12135620165328032 0.2764664718091682 -0.012050641452572952 -0.33701243532312675 -0.17175951769522158 0.2541826474277576 -0.07543323330042284 0.016996541410104555 1.0 338.84120777898386
0.18684709324918203 0.08330833795389148 0.0403467179618302 -0.285644619274878 -0.1385356354495923 0.2555008894552009 -0.060318210547913226 0.011742738012269455 1.0 340.0056273131894
-1.2079634466518292 -1.3894515224408845 -0.2129560519341902 0.6967650519940366 0.22466685079981658 -0.3328835313941144 0.1414160329342579 -0.09079820908431287 0.0 201.64119845695532
-1.2831282598807032 -1.3273667917845327 -0.2785056047868978 0.7035226136775486 0.22727146618153796 -0.3448084356190282 0.16329334207142665 -0.09693185022122122 0.0 197.9167766075502
-0.026798134310517252 0.5159002570223308 -0.048865062852244234 -0.3363157519320279 -0.19232822481325826 0.2385945803386164 -0.08323281623775301 0.00700400673755496 1.0 336.2373294037453
-0.15387840096755756 0.726401693888806 -0.1545220125690363 -0.3103826458806904 -0.18412572233196783 0.28686718944985956 -0.08020645524932149 0.05290824458531574 1.0 339.32014273552943
-0.38707921554815927 -0.4846178299015964 0.4033834975870547 0.39910181752950424 0.027656888767953376 0.3907572243875507 -0.08789691898660379 0.1623205384841083 1.0 341.28590579784236
0.5951057259442414 -0.653419271252632 0.3373710244640349 -0.362324779151441 -0.1990721421601944 0.25744662886446973 -0.12855701505109665 0.011349861713999303 0.0 336.3023217771986
0.07778176069593457 0.222188368840888 0.05822428721155504 -0.2725840614790201 -0.1512956784736636 0.24508797643862523 -0.06154621913096861 0.005335945162936468 1.0 339.1592581962126
-1.312670809161153 -1.289061576805981 -0.28938028408349803 0.7268273881574894 0.24553933741380463 -0.35064807863136027 0.1820848743240049 -0.10263692350500264 0.0 196.55355634141384
-0.04362338249152842 0.3468793379441778 -0.16377513796071308 -0.296893661086433 -0.21401228463592303 0.25455978847163124 -0.1784208618883693 0.001045977053140632 0.0 340.1420606274156
0.35630588425812526 -0.0843273546556016 0.11471232702870604 -0.3620425246394785 -0.16137053074008917 0.27475960132770183 -0.06482635460308785 0.03766210238021699 1.0 340.4400350516081
-1.2953402321962268 -1.2964878485003382 -0.27906997449784665 0.7239030778500603 0.24134705796126638 -0.3512045640779871 0.1728924506030151 -0.10452669988147534 0.0 197.20803950998692
-0.9298296351762063 1.5355327730777422 -0.008006546447485774 -0.1077357915313084 -0.18319358022287446 0.08157384481496478 -0.039132165709111745 -0.13004446914065398 1.0 305.50974206707457
-1.222377118886305 -1.3635439115796364 -0.22668226489177923 0.7270795371328547 0.25016557260390615 -0.34228144651883896 0.16745536256175314 -0.10001088886086024 0.0 200.45750388586723
-1.226934639123285 -1.3605143330667655 -0.23258251509034444 0.7281594791365787 0.25116505934931355 -0.34198627530357784 0.1702567468396245 -0.09910801995748983 0.0 200.32152370285215
-1.3428802553997397 -1.247481688944266 -0.30528370059074583 0.7172601907859965 0.23045068189236673 -0.3535358018340372 0.16812109521529578 -0.1052395582503081 0.0 195.50361036926867
0.7263064364697104 -1.5707963267948966 0.19597469544980117 0.24633678982375018 0.21919288871807738 0.43134302060973995 0.06456793671649934 0.22731575240366225 0.0 340.2160212565055
-0.1172215662742786 0.7224991017156304 -0.11570206776836756 -0.36902495962943194 -0.22211292420879458 0.24368885766980555 -0.10172859807551532 0.017760515103935292 1.0 334.57203950806075
-0.19996308333198431 -0.4336800246075567 -0.4088041636638686 0.43505282193873457 0.17806956193153384 0.31258134561727047 -0.043022409859509024 0.18352964294476123 0.0 340.50150201565407
-0.14048387215233382 0.5919442647484248 -0.06801390857350942 -0.3477284278627678 -0.2514446299100285 0.20653587622248723 -0.15567019316402222 -0.030873599618537924 0.0 333.27726502378664
-0.06951702911125279 0.43546464827567966 -0.15558565030804972 -0.3002787316326493 -0.20655741675396513 0.23505412129734624 -0.15310105681149253 -0.015302463466917403 0.0 337.47492990015223
0.05358768918740031 0.7171752255135968 0.33207465266231284 -0.4149960248648034 -0.17116646940514754 0.17815810113316785 0.05731119927438272 0.06268534734296907 1.0 324.7839873752457
-1.0240648781053276 -1.4909639900738476 -0.12319731671852274 0.7293599715531812 0.26116720611684713 -0.29293928483690707 0.13767864861484014 -0.06869259451752129 0.0 212.47622197862916
0.48226224722820155 -0.5428913562066413 0.26656733258817356 -0.24097541291296437 -0.10993781059913686 0.27771613197557543 -0.057589483853085426 0.02712552033975669 1.0 340.2052089092111
-1.2598749980632586 -1.3410139333344706 -0.24288425169046712 0.7381129281914482 0.26140567139406445 -0.3416585222035266 0.18628596048635757 -0.09692799491633367 0.0 199.11329946067468
-1.3858089165755918 -1.26346460106778 -0.3615858857766221 0.7122198342861771 0.23914676726758471 -0.3443379386643113 0.20577430708845243 -0.09052249221804544 0.0 194.10379820396264
-0.012047615894113184 0.34249590308666633 -0.12647153803612876 -0.329871987442732 -0.2283355621821542 0.2545284014734011 -0.17647886290585718 0.0038355920565919634 0.0 339.8921343161465
-0.2533901629979143 0.6298237238362117 -0.11036024340619544 -0.2915379786926582 -0.2535393721762915 0.21925282002260757 -0.1862254594434819 -0.027738756970869645 0.0 334.8118982627434
-0.9343361080501459 0.9616672628224064 0.6045463743758686 0.14478288143183476 -0.10770211670578789 0.38671885725474114 0.04350705389271752 0.1801473474087868 0.0 341.6762036491418
0.1087297946079736 0.34359503358901733 -0.03983733026329439 -0.3433481842799182 -0.16603682089322574 0.254945052593049 -0.0634091256532642 0.020416678781139695 1.0 338.23417209389487
0.12649918171790264 0.09218614731866581 -0.05334949307981962 -0.2833671119143173 -0.17185684026682624 0.24786649247772174 -0.12972343894171928 -0.004642474582662998 0.0 339.95292732915163
-0.06573973569737623 0.610858371442182 1.2208731395340882 -0.2925899022164 -0.14542108140193846 0.26333468460428205 0.10571742587599602 0.31298800388241205 0.0 337.7529045879801
-0.009790452916237258 0.4381667097856732 -0.00860328437165192 -0.30396715845271727 -0.1721458486612343 0.23497978000498107 -0.06781224166612247 0.0012053151793406868 1.0 336.75976803717765
-1.3034724700581304 -1.3192945222881822 -0.2984950990763674 0.7069332648222183 0.23232213507662805 -0.3443654023979741 0.17637276952545136 -0.09455413274116722 0.0 197.1253098120976
-0.06222810612320134 0.368123016242599 -0.09801345021544328 -0.31151172379278874 -0.23385014317005584 0.23281365426389924 -0.18101495879694285 -0.017674759131579093 0.0 337.90974065873843
-1.028054380438077 -1.497397856512924 -0.12007108198047778 0.746991554264753 0.28088132054861265 -0.2997626267380548 0.15903239443531875 -0.07462080219591855 0.0 211.4857924814044
-1.289644666717157 -1.299392642310357 -0.27490542501333537 0.7230252365651963 0.24020505871737186 -0.3510513834273627 0.17003639721579475 -0.1048556058514626 0.0 197.44883827303133
-0.11899591815024735 -1.3540680609025395 0.6859670195024474 0.5795780473933744 0.21754648130938223 0.2068101911048751 0.03621988902253662 0.02609862843451026 1.0 307.32243805045624
-0.27544992933249113 0.7272391904853306 -0.2738926663418483 -0.28585839536506596 -0.23236468261595547 0.2376745085115067 -0.18706298415354666 -0.01428532572709969 0.0 335.48148694096494
0.1558106011387448 0.20861011881436076 -0.022532951099038412 -0.3202703787695782 -0.15400393845659238 0.26052595971717096 -0.06817579003925317 0.019342355605332387 1.0 339.72463114946584
-1.3249304534456812 -1.2789903698165457 -0.2965698529810278 0.7366646862573654 0.25499367598849804 -0.349763821928575 0.1938678192499262 -0.10116850501552335 0.0 196.21963776339686
-1.196020117522587 -1.3969651526447873 -0.18866669536797853 0.7367712784995342 0.26484233734900814 -0.3358937154727187 0.17467434297012802 -0.09629877658039732 0.0 201.77704140987584
-0.13523266432781955 1.0409743997273886 0.4908736329022868 -0.3619116787412753 -0.14999144973954856 0.2449373782782328 0.10213496947697137 0.20057218148862432 0.0 327.9528312139807
-0.9836943504534079 -1.5707963267948966 -0.03952537221195862 0.7136607289252282 0.26304818370606453 -0.30009300222597657 0.12976954064071264 -0.0815230929159722 0.0 212.13623529323465
-0.9453223669478237 0.9778684222863543 0.5909105762760336 0.11223830231919692 -0.14065895459305522 0.379467533531801 0.008805357842223884 0.17163004590896094 0.0 340.65769395537507
-1.5097164339993636 -0.8742680142352448 -0.44766729376578285 0.781921538351917 0.23419220667650564 -0.2834077890475234 0.156111600320329 -0.039605777439381026 0.0 201.23242921493613
-0.16023727831255385 -1.2696997262776206 0.5170096226280063 0.5642228907156567 0.1905872361557445 0.19278352334143334 -0.011984804625578818 0.03625694334041611 1.0 307.12481458640275
-1.1901674038195806 -1.4206380118292312 -0.18257229647212447 0.7053400305695038 0.23908086366721334 -0.332003678521238 0.15172843311486844 -0.09136794794549247 0.0 202.04524076793072
-1.238021857900744 -1.3739150350764415 -0.23138376173942032 0.7047905575387426 0.2334183720671254 -0.338053945456725 0.1581879213477859 -0.09335743702701706 0.0 199.9643849352921
-1.113090788818955 -1.4656825692534934 -0.1142428959532229 0.7263976175398819 0.26143912799476854 -0.3270022498294912 0.1504162228145077 -0.09632950224438985 0.0 205.37422200059865
-1.3888810590604574 -1.2204430329808658 -0.3421773761724517 0.6907635021119455 0.20619228232359746 -0.35473181856640623 0.15782148131695464 -0.10334314029488838 0.0 193.60262428632217
-0.6619607173779181 1.0705528710630234 -1.011042650496478 0.12275440410480741 0.05211667599296305 0.3421416562654844 -0.09294912030470329 0.13121058530236382 1.0 340.87443031665634
0.22697269587233437 0.09312573061303092 0.002186077684176002 -0.3273308950355971 -0.15193200640899618 0.27231956960328885 -0.07084803204345803 0.02949990183682928 1.0 340.9475453200392
-0.5991472898785308 0.9847659257650476 -0.9676891214041194 0.056107876208097596 -0.004929099971382982 0.33208560907431434 -0.14566629110989482 0.11824210324922035 0.0 341.3609998145141
0.7253639207687539 -1.356191993432923 -0.9799346425094742 0.3533233978130863 0.37724149066834456 0.2479498249251759 0.12144591560474766 0.25817849693129347 0.0 326.55839941556627
0.06489640908363603 0.29445031953137 0.023564685009438646 -0.30045202303956214 -0.16508509333365395 0.24227282955573742 -0.06943770107447193 0.004812141636361389 1.0 338.28298967118735
-0.9129579244420853 0.0339319611996749 -0.0564107899943358 0.5726122303065577 0.06514630980807311 0.25151692366674866 -0.1408974317539895 0.09958938002758146 0.0 316.95424685478815
-1.3491354110327105 -1.2664859608438612 -0.3138201190583052 0.6958199609432506 0.215604223693839 -0.3477664038959392 0.16170001310408594 -0.09750586359079932 0.0 195.46129880736407
-1.05201109555012 -1.5403789729487638 -0.09164995310385926 0.7102068556570341 0.2583173069135464 -0.3114008904318035 0.14522833002277394 -0.08173398977147031 0.0 208.4536586947585
-1.3122405534975599 -1.264508313560162 -0.2785134267414715 0.7130516161900701 0.2248872751996265 -0.3540823444387337 0.15258419639045173 -0.10850492945958848 0.0 196.64966830436214
-1.32560036837772 -1.3048102134515087 -0.31451708285624225 0.7072812019541191 0.23300924548124158 -0.34515905727692425 0.18298692176277911 -0.09409378870532265 0.0 196.227931684332
-1.2768875275538916 -1.338983236872826 -0.27924719192894654 0.7070105494902711 0.232849729188126 -0.3424590983025726 0.1703891281031659 -0.09419577989803969 0.0 198.25793676978864
0.12822265413834 0.29820175886983946 -0.02520119368811713 -0.3352473881706669 -0.15926325231000618 0.2554731722921309 -0.05928380498495102 0.01980367476285494 1.0 338.5701578368302
-0.005556439595883145 0.5038163386920258 -0.010240264127679088 -0.34080671318541816 -0.1872957840804409 0.23342136163040209 -0.06726311021164122 0.007305994711142603 1.0 335.5901383778656
-0.2730180840948545 1.0494280299028964 0.9773205920698318 -0.30692717294043886 -0.16682496544375794 0.2749676294863832 0.08490346012839665 0.32153802471864595 0.0 333.1796094272953
-1.1458654902161594 0.8085582789062926 -0.4445414786491586 0.4523957850425637 0.048741074062392614 0.11756123396527585 -0.13163460232488033 -0.06409948639264541 0.0 307.02310253395945
-1.3718899418915533 -1.2355354568306378 -0.33014774171961614 0.727349431668066 0.24329191690902377 -0.35528028140469275 0.19142449705496006 -0.10458968981656142 0.0 194.12136880789524
-0.9433541140795825 0.9684248830061721 0.6230708018243398 0.11555645938355155 -0.139394219653816 0.3921996830853993 0.015154492047653036 0.18811465750894685 0.0 341.9897280677603
0.61936921446142 -0.43039751030105644 0.25972137869470846 -0.43240665487607943 -0.18268618821398747 0.2639725581721052 -0.07163636813425513 0.03331276667522559 1.0 335.9816450456341
0.058285822398662646 0.2472498552766107 -0.07752373023610892 -0.30911570072523714 -0.1924222040557217 0.24017387341908034 -0.1345556113683878 -0.00920026197567779 0.0 338.6569921786456
-1.374208199657301 -1.2294898480784635 -0.3333080563594122 0.7337123836094526 0.24846536639908579 -0.3568195043115929 0.19645580421392225 -0.10615836373644782 0.0 193.95544042804323
0.3946215807239496 -1.1556715673930955 0.27420410753331886 0.2948491369088208 0.19565158007751818 0.3623763078428101 0.0758843930632105 0.13612020766470492 0.0 340.9733985752586
-0.05864306446160117 0.6371393112984967 -0.027818838056149375 -0.3765133775509162 -0.21786266897369785 0.22682500978068731 -0.08390692513888495 0.008669421617589705 1.0 333.53842224763093
-0.030604756695663538 0.5234093004582148 -0.023632126196931003 -0.33974881215508046 -0.19593676847405703 0.2327960284326872 -0.08018680601460801 0.004458672435554831 1.0 335.59719294588285
-1.40040961565939 -1.2066306578463561 -0.3505226697863524 0.6884787699004759 0.2026118352593278 -0.3569297125085376 0.15576569973468196 -0.10525245580954333 0.0 193.0516977471325
-1.0364770174089202 -1.4414787461771454 -0.14313985337795687 0.7369101432787614 0.2570146949038971 -0.28581789855732753 0.1297029709288921 -0.06371943640227982 0.0 213.56690147478963
-1.1165539806214948 0.5469696483667636 -0.5092641157921584 0.6190339988192971 0.1517243697742458 0.13259779475122002 -0.0739177361511338 0.011677813000126776 1.0 306.08925211206633
0.11455322591122974 0.28552799694965514 -0.014851172246349575 -0.3283827702000838 -0.16464906820465672 0.2526858847368311 -0.06845134840788489 0.015447606503686871 1.0 338.6890368866399
-0.7460291305346813 1.176474637313369 -0.634068160173461 0.045956821038753336 -0.039015157369308044 0.35845246784606105 -0.09078308413517419 0.10774131190861795 1.0 340.44826385223655
-0.9370274559615703 0.9683907328761407 0.6129799423645187 0.13994691995272576 -0.11174712944632574 0.388603006976636 0.04202528258944852 0.18393242469910148 0.0 341.7903607041635
-1.169235202896063 -1.3942897850345033 -0.22319374860155894 0.7489904484779438 0.2722614259796677 -0.315036303385092 0.18330855649541747 -0.07498758132300111 0.0 205.17978081869205
-0.09153484424067188 0.49411034279119315 -0.09309074620895008 -0.32493312977883876 -0.2273089263651488 0.23524276899773555 -0.14933954067090524 -0.008594834434522908 0.0 336.99000730363844
-0.8896026343034527 0.16327068456512306 0.09947692308249739 0.5682041406235857 0.09989428653933828 0.26626972050729025 -0.050275475336239876 0.058941370850623113 1.0 322.5904010597394
0.4063514240347933 -1.0520908316828497 -0.42595761494619677 0.4057467828083924 0.3386249756730564 0.2683183380434241 0.11385338258161169 0.1457877994325986 0.0 333.84161747349026
-0.8423038131391902 0.9174637716816807 0.5316229237550953 0.10748289080484114 -0.11062124120034696 0.34808984456394226 0.035357025540296266 0.13778923212421887 0.0 340.0539618272319
0.801316388865535 -0.8169426392800183 0.33475122933593215 -0.10987984898769923 0.11848042326827908 0.25789456584302967 0.19879679932511238 0.014819923623355748 0.0 332.0977475656575
0.6011522764932482 -1.4085325645890574 0.4917068203086088 0.2334197745175996 0.18243205504987742 0.409041067317101 0.10295513056251764 0.16569066064566015 0.0 341.3766402660582
0.7092781751974782 -0.8849937376411476 0.3306799142456379 -0.31660565308231414 -0.1617517751512378 0.26943306881648593 -0.12223948570169682 0.016500704466684512 1.0 334.8049090609517
-1.3665328375024353 -1.2189819782323792 -0.32288531334428444 0.7139516257909705 0.22415397421285063 -0.35867010856683407 0.16499626189723954 -0.10959910056568503 0.0 194.32219583559623
-1.0495742987058168 -1.5154969528924362 -0.13000813103750342 0.7408698835299322 0.281865155530754 -0.3100531899330815 0.17131839384238162 -0.07915187890748512 0.0 209.1309123582192
-1.4958076337960104 1.1000704700734953 0.25644502157390336 0.3235959906542928 -0.12577440778833904 0.20652093365338486 -0.16131799809727113 -0.046999588476630834 0.0 304.2751041964876
-1.2452695642237497 -1.342269686111484 -0.2387726193020927 0.7248806487970191 0.245953841256256 -0.34514404273977306 0.1665724826650103 -0.10176244552804235 0.0 199.4413911415255
0.5044547031510029 -1.1878953568155852 -0.48605410481360956 0.3348854947976372 0.28674177684523555 0.2983418372678983 0.051080113328670504 0.19834392578105678 0.0 334.6865762853505
0.024298796537749467 -0.9367229606884465 -0.44662154847619173 0.476039883812816 0.22686471295438027 0.29430872131867775 -0.023417398524385645 0.24050475653116735 0.0 333.0057558483703
-0.005068195413709509 0.38914407759067293 -0.03476241221938681 -0.31591476758866066 -0.19578360974047826 0.24013659300920268 -0.10816688674277486 -0.00040303325696754654 1.0 337.8454583351347
-1.3303981165543686 0.8114190931108336 0.1974354410330228 0.41618979121501865 -0.06066226570292144 0.16970926642477083 -0.14156630745341886 -0.07317041156735513 0.0 304.12942902849903
-0.2444982084119729 1.0260890130388032 0.2837186677190058 -0.352547600374661 -0.2022871114682323 0.2635795845998763 0.021697231558507325 0.13961581557035344 0.0 332.1596743890905
0.7763440115949458 -1.5115519697454314 0.2515896157979522 0.2639722705358639 0.2737008927999574 0.4255436312385336 0.1546645782100592 0.19890215718318813 0.0 341.04742937741344
-1.0979114153401803 -1.4788324563440423 -0.10492122235841617 0.7270558872827669 0.263753393129843 -0.32449925052155065 0.15011929342643895 -0.0951015754293175 0.0 206.10065117733777
-0.840796255722791 0.938688342134645 0.52268504050402 0.08574541557243663 -0.12467211036438243 0.34285135440074044 0.024193114230980937 0.1345843458292984 0.0 339.50280389246853
-1.117592237929768 -1.4402592830036323 -0.1406632579409013 0.7184234975747475 0.24710907393668605 -0.32992598126708683 0.1373562005162833 -0.09864626160042433 0.0 205.3192623754803
-1.2959749729817016 -1.3010916041159915 -0.26346766439639246 0.7337513782013428 0.25259327854851166 -0.34826385647111097 0.18158586980197838 -0.10230867791975812 0.0 197.39368381345702
0.36874700424929996 -0.8591319755173409 -1.2118178095123242 0.3859018392837132 0.3499833008202532 0.12123066778064356 0.09619037835482772 0.15477398991163738 0.0 322.3083358309561
-0.2598347515301296 1.0088861446290869 0.5737015229490985 -0.3683136251983052 -0.23050598301461916 0.27805210219069293 0.017659047170335496 0.2152021240966201 0.0 334.21515778405785
-1.2586026486558861 -1.335314510334518 -0.2541926578082486 0.7287209903252168 0.2502019755605136 -0.3449581345380082 0.17614427434511867 -0.09990414284675608 0.0 198.94000603914463
-1.3119121174702908 -1.3136422166722297 -0.3046018460916705 0.7070288757806256 0.23249167959082911 -0.34472853845062984 0.17876634128266347 -0.09442953730040926 0.0 196.77933781636338
0.05738492938034412 0.32172792557121843 0.005509921366780968 -0.30678411826986235 -0.1678628998464214 0.2430150803958236 -0.071809266487235 0.005718427508295463 1.0 338.14029498246356
-1.3844465748754182 -1.2163752485761128 -0.33853744934633867 0.7191397537858557 0.23245743438588704 -0.36155337428571444 0.18103786360622023 -0.11077054055509422 0.0 193.20339487845501
-0.6207080071956627 1.0154984545970638 -0.7911103623877997 0.02397949434990693 -0.04004436250540237 0.34173582010714426 -0.1388670533221125 0.10557892790861047 0.0 341.81126463548765
-0.6496605245782796 1.2156664190510833 -0.7888477886548395 0.03507035340108928 0.012758775805515085 0.33446655004550563 -0.04381777169508808 0.08479657542693644 1.0 337.9576667675065
-1.349100359451445 -1.2996109524418156 -0.3363813593486402 0.715192883757548 0.24436792876214497 -0.3400219975426719 0.20446727538867576 -0.08715060767522317 0.0 195.71241613875407
-0.9715642687775454 -1.5707963267948966 -0.01622181760836039 0.7338287398340495 0.28215105842547045 -0.3012273980890731 0.14121296898121158 -0.08751624513507494 0.0 212.57004512429674
-1.2822207367224179 -1.328179855806022 -0.27773145718704256 0.7035646585382352 0.2273708505322105 -0.3446902514225403 0.16317744331227005 -0.0968693313560135 0.0 197.95842872267687
-1.1776981071126345 -1.4071372114729623 -0.16839575783529814 0.7254030106277818 0.2534501133033919 -0.336164958344749 0.1565099484319444 -0.09922908856598042 0.0 202.44107388408773
-1.3635707605888623 -1.2676848165435768 -0.33965888297099034 0.703129105839995 0.22632911049365873 -0.3506206285004618 0.1828473236626823 -0.09834035545655012 0.0 194.4658236174737
0.5673137949283991 -0.6470458840734472 0.23219861467393987 -0.2965172711165755 -0.14775796276706615 0.2629010369687779 -0.1088775770267597 0.009870766926219403 1.0 337.29564827271827
-0.8434862798774869 0.9448518790430338 0.5199165233584109 0.08470897970195523 -0.12516739227432624 0.3420043367963154 0.023844622640819182 0.13384232930202417 0.0 339.3416479270455
-0.8457322218846577 0.9416520911458757 0.5167767618504182 0.10062363872396674 -0.1114986808881153 0.34110208021893357 0.03572069100139743 0.13166841889969305 0.0 339.21427455853865
-1.153053237916782 -1.427849920061652 -0.164607606885812 0.7283177615143035 0.2584401898936582 -0.33320339852659486 0.1596737134179156 -0.09702299062261233 0.0 203.54098580091423
-1.1777845235930982 -1.4312223849386843 -0.21056424462552426 0.7137162608502848 0.24847146075861504 -0.32779609800661974 0.16745135167672204 -0.0849551132501682 0.0 202.8683389730169
-1.1506856298517474 -1.4116491804784859 -0.1693056145773324 0.7195130320500084 0.24486782321593326 -0.33309488400471027 0.1428350497379344 -0.09830707535717352 0.0 203.94776495750216
-1.2644994515672436 -1.3739501303669552 -0.27170098340776394 0.7154756989403424 0.24889329089259093 -0.3328692561767812 0.1901716519091633 -0.08369507800371082 0.0 199.24047906150506
-1.2842144833845843 -1.3367279845431934 -0.2854230055492858 0.7083279310711879 0.23491343708334228 -0.3419571403554994 0.1752490738468552 -0.09300701339688629 0.0 197.99761077406157
-1.3658165102268125 -1.2422537797127173 -0.32557278890360175 0.7275509950435446 0.24406981111026027 -0.35454735147510746 0.19121756488084998 -0.10406253752098593 0.0 194.37737197608257
0.17368862995551926 0.012749066439108558 -0.038099945210267494 -0.2803027997477298 -0.16389554962904612 0.25302319529087014 -0.12606019720011516 -0.0001654459624523952 0.0 340.45012589962175
0.44283327392966076 -0.5901194308927673 0.2304743859143713 -0.2857882121164351 -0.19422045486965914 0.28362610828896095 -0.17294882204436932 0.028511389799276116 0.0 341.0758236829628
-0.4268122852411218 1.027721245371827 0.31964312777137405 -0.18264017335411664 -0.13342826014167314 0.2846203448992043 0.07033134987022095 0.1296428520787117 1.0 336.0531762581735
-0.0802850196295466 0.507716491868861 -0.08766852126099 -0.3400256467356894 -0.23136647034856195 0.22097273381182844 -0.14605098652953216 -0.020392694892967144 0.0 335.2686765887106
0.24894500700625533 -1.0397709573786096 -0.3097266477123206 0.4466723402527137 0.29569269799558184 0.30128819113839145 0.06747947723174264 0.18529367479507358 0.0 335.68283553397873
-1.3042105007505764 -1.3350609492507086 -0.3026988454234011 0.714432016419718 0.24443741407405553 -0.3373327482350831 0.19367281747846532 -0.08641651184211468 0.0 197.54331764866683
-0.08524081234383113 0.5896208009013063 -0.08892790209140744 -0.37609516692266964 -0.2467038575026328 0.21970724575690326 -0.14338133413964954 -0.014515849003265089 0.0 334.0056382287812
-1.1791778300285833 -1.4500541408222656 -0.208956639395949 0.7172775800410943 0.2575557614482443 -0.32350026662654047 0.1810705135816528 -0.07919306490724808 0.0 202.92806919042437
0.5762463808667402 -0.5693568897821932 0.32092366248986615 -0.3278239276545855 -0.14849875636605162 0.2913595071029795 -0.06607356322954416 0.048991832918623 1.0 340.0868794970563
-1.3771455402537125 -1.2116232976276415 -0.3313777973617855 0.7148637393480053 0.22528350441141753 -0.3588618793430535 0.16905552020085396 -0.10911317415173215 0.0 193.90923364733843
-1.2190237452627986 0.47799543233437625 0.6683110137999505 0.3931077197424861 -0.13138064557551019 0.15664423793298 -0.1499798727957659 -0.09867922495269851 0.0 302.04038264761175
-0.8613660921627155 0.9372772588954839 0.5296936170182309 0.10175408593726842 -0.12018674481856863 0.3500533653988225 0.025543665830735734 0.13958092215479553 0.0 339.7822928007361
-0.159008614258493 0.5905148073541744 -0.09648706230436455 -0.262138144369452 -0.177670643863041 0.2709513984216875 -0.0935011099034628 0.029183965738639017 1.0 339.906091790735
-1.5707963267948966 -0.3335239524629454 -0.5443557644086838 0.8181701135032978 0.1860793816401278 -0.2624779243365137 0.022550701973928257 -0.065515052505921 1.0 214.31252675334673
-1.2987601654151795 -1.3447674445222386 -0.30113792580629867 0.7179627074319354 0.24965319406069597 -0.3342371353344805 0.19956506058838186 -0.08318498768705523 0.0 197.95728963957674
-1.2178794950545595 -1.3792978920417394 -0.21028878263676853 0.7390706378145342 0.2657775177294593 -0.3370367602374412 0.18182383023280976 -0.09519429021027691 0.0 200.92802156059903
-0.8574071736160844 0.954695270279279 0.519986122406605 0.07429543279757865 -0.1398840075435666 0.344715940696064 0.008292519566288944 0.13595838091250242 0.0 339.28591766455173
0.5909776553180743 -0.5218236532761804 0.2891572897305763 -0.36773202200760235 -0.1641936133076706 0.28079727484145567 -0.07441613355358641 0.041055734673444706 1.0 338.68992869199667
-1.162902449029469 -1.4231230014506058 -0.19786607746380636 0.73864253487263 0.26889286822281605 -0.3267200733183225 0.1792616873387928 -0.08692379860484721 0.0 203.80794578677782
-1.15478578340154 -1.4281067201888604 -0.14790540664762752 0.7256130821321526 0.25605540350578765 -0.3330568401856621 0.15382485409118601 -0.09835507896620782 0.0 203.46982977391818
-0.8627264826263358 0.9196587668256575 0.5479010243044261 0.12148640688047664 -0.10689664079407038 0.3576232644587577 0.038671352223671816 0.1470384564551614 0.0 340.5466565897771
-1.1095935137837505 -1.4404551858352677 -0.18547016665613636 0.7489000637390945 0.27662268792594685 -0.3096059931190763 0.17550129031787803 -0.0744242232071295 0.0 207.7251099187535
-0.1776042425352793 0.6870855529622534 -0.154635367836926 -0.27296286165472283 -0.1718708034668211 0.28330650570984517 -0.0829246492525786 0.043255295332514834 1.0 339.8918412825956
-0.4007848729385728 -0.4462705044293376 0.4331819661296157 0.40491514329455214 0.03458580479902537 0.38392661726962674 -0.06836682776910635 0.1495407017362561 1.0 341.0384590056336
-1.3150797231457891 -1.2818681058150272 -0.29186463598640855 0.7243171383253681 0.24149823522468666 -0.35269682434129296 0.17747346398013888 -0.10483228347227652 0.0 196.35320911090554
-1.3818944571419873 -1.258874517020587 -0.35758533740617904 0.7072665749605843 0.23199981635217 -0.34808562322788705 0.19545606273851718 -0.09470733681614718 0.0 193.98571228516676
-0.2129193086547405 0.6623759838428835 -0.22388742395300376 -0.30223711721525376 -0.22970944997017967 0.23603392212812083 -0.17245217456907255 -0.013480819654337211 0.0 335.84169127841096
0.20089379320953682 0.1748764918323198 -0.02369256426296884 -0.34331259195776 -0.1591889104526018 0.27124609945607175 -0.07090761118530395 0.030949586470962343 1.0 340.40331014232356
0.0012608492818518835 0.3840585092121307 -0.11077703645890699 -0.35230799976359267 -0.22974531682923668 0.24452508547157778 -0.16034207029737105 -0.0018875589360544608 0.0 338.26953301772994
-1.243576728762973 -1.3435505636178444 -0.24071219276222222 0.7254246195222769 0.24656036005764378 -0.345076168129967 0.16755088744601437 -0.1015735907498555 0.0 199.50733808960783
0.009897728979574527 0.37222496047757203 -0.07242395656114464 -0.3425417983402818 -0.21813554679585168 0.23104806306322587 -0.14011398638145153 -0.012772850854401554 0.0 336.95915898804606
-1.296997592204951 -1.2977677886368368 -0.28001291407674067 0.7252283630058503 0.24334095764477184 -0.35063452727638095 0.17584403246688737 -0.10369290048037869 0.0 197.16343935974697
-1.3958083414498272 -1.2148788578950356 -0.3609044989287551 0.7349853254872067 0.25039635150262884 -0.3577060050097856 0.20708542846057668 -0.10539634229674079 0.0 193.06118838455154
-0.10965862225810497 0.5413469453702011 -0.031235142852720443 -0.30891157513097484 -0.20849767209567346 0.218281626161251 -0.10869972911310669 -0.017464789568815604 1.0 334.8514235086177
0.05896020714153005 0.36620981452377044 -0.09838577147877392 -0.36612068451865526 -0.21291512403543122 0.24157474251695418 -0.13073934740539583 -0.0008776109225937034 0.0 337.40748143493425
0.2887342678367937 -1.0007531819749436 -0.22674403664916554 0.41493464598026264 0.2951317183277871 0.28513986789348733 0.08858377646472519 0.13389850561035302 0.0 335.4725924567586
0.12920545871797318 0.1580860375211351 -0.08423256321024741 -0.3212930825312327 -0.18732742044383058 0.2538037919726378 -0.13570083288046506 0.00306349323769723 0.0 339.9774618514439
0.6256261950529647 -1.5336060586800628 0.6088015243160467 0.1868252764766666 0.12096165392079712 0.39426542063388637 0.045509455790364084 0.1496371970978214 0.0 336.9694620725297
-1.3581422275772805 -1.2429823065234846 -0.32037993103593587 0.7213685157238919 0.23646473180401387 -0.35768468544629145 0.1805759155808485 -0.10785986247167528 0.0 194.42311112705312
0.6550640429636126 -1.4366435111366858 -0.12794165106439626 0.36581137901590294 0.3348741819528726 0.3613753570586368 0.1328364859780541 0.20415967285915315 0.0 336.178886115568
0.4845572284898889 -0.5912335381135527 0.2555990972429322 -0.3084449303259103 -0.1916586156639926 0.26577938345506086 -0.15367514513838132 0.012612920589311329 0.0 338.8518338883547
-0.03777728154454074 0.34229451275252754 -0.007299501145194287 -0.24374272660707105 -0.15857181091434483 0.2279800904582356 -0.0835993778527353 -0.016795595086606455 1.0 337.47955575925516
0.5201505503665018 -0.8060141506673499 0.26624392851564976 -0.2292685357927877 -0.15938551730570197 0.2443939380960961 -0.16440783113526863 -0.011556796063668457 0.0 335.02218724707757
-1.3446178119728014 -1.2576579847570264 -0.30925141523135347 0.7347708838368925 0.25114474410053506 -0.35336086591246413 0.1927661854420603 -0.10410608493106736 0.0 195.26526163492701
-0.13332820192542427 0.6018084868672381 -0.025677155863071954 -0.3142776041196146 -0.21073348278571472 0.2182121928868793 -0.10104415660071651 -0.013097672173403225 1.0 334.23108534833716
0.6151546634127336 -1.2741043307818956 -0.8750997307059027 0.3370066565238187 0.3255660328620243 0.2557060774033647 0.06973885270768107 0.24630098051910806 0.0 329.0085076912361
-1.2899314877479753 -1.2991321418230708 -0.2751144781385104 0.7230105010942072 0.24017175319038217 -0.3510889526416301 0.17006104163535696 -0.10487666603031358 0.0 197.43567633054968
-0.9968394568573586 -1.5633509792995195 -0.08324549719071861 0.7041586821259276 0.2527481653228742 -0.3017899458749568 0.13042954721065259 -0.07690295733128522 0.0 211.50714237209047
-1.171371010958394 0.6937522709468744 0.23721024286868742 0.43144227046318917 -0.017366589137119776 0.14587856114775263 -0.07832003526033247 -0.10275908555690422 1.0 307.2897387951124
-1.395536892293256 -1.2446353764415274 -0.36765659368374665 0.7062163358043825 0.22997664471663312 -0.34969850787586837 0.19583514084685164 -0.09598536342600994 0.0 193.39769408506174
-1.0489081891100769 -1.5243448755380253 -0.08901292445022224 0.740062122966383 0.28340044378454704 -0.31564960477471826 0.16533789463882356 -0.08849935396627501 0.0 208.44600489664376
-0.5170233021200588 1.5707963267948966 0.6079035016486967 -0.32815570212546846 -0.20628080287358302 0.24846845674934 0.04866274938176957 0.27170177585245936 0.0 320.36349217424913
-1.1022028760640932 -1.484181447502868 -0.1675548750826119 0.7199350190919256 0.25865447161305155 -0.31414660713842807 0.1618821105884399 -0.07714215128401321 0.0 206.84517772830412
0.5392272050370461 -1.0361082865312954 0.3211225486188913 -0.12939116289938993 -0.11743541957460138 0.23164184276162586 -0.1621983091725599 -0.020414273347398648 0.0 330.82251317169823
-0.6626784319269698 1.045600411745105 -1.0077017049989032 0.07272072973063018 -0.0057986752553858874 0.32342053486584915 -0.15553784522877975 0.11578098437316442 0.0 339.30958615247664
-1.32524295242683 -1.292723424094964 -0.29778491273696117 0.6970816105352432 0.21932291068512938 -0.343918790278648 0.16199774117582422 -0.09441963818819601 0.0 196.56326996605108
0.6143368806817933 -0.7366424219047646 0.36640293952954806 -0.3722597866365922 -0.2245746097472451 0.23305320050551245 -0.1627043807264863 -0.01535790374315809 0.0 333.32011112242344
0.6032264105140863 -1.362590451623668 0.5838764355075534 -0.06101701903189451 -0.10039334905241844 0.3386548004540492 -0.14508794813211523 0.08658656610820742 0.0 335.40094598036325
-1.2958560350260253 -1.3070865577969557 -0.2735654475297076 0.7382814083826207 0.2587702078893184 -0.3455359224614267 0.19170052962590858 -0.09847791265245945 0.0 197.5717529097497
-1.2143107761289735 -1.3735505194079618 -0.20096874879262638 0.7248792718617557 0.24940630363780997 -0.34086718649680053 0.1609604487746802 -0.10063119271015922 0.0 200.8117580439016
-0.13380105586036006 0.6844782766359976 -0.167150088191383 -0.3370378972978989 -0.2103326572300935 0.24862928401219564 -0.11453907406282127 0.011227533013808966 1.0 335.96798012240436
-0.3071352507588454 0.7696493155946114 0.23048223671864143 -0.22291739490274637 -0.17615956555468842 0.26767525978350304 -0.01261519011524058 0.07072542044554893 1.0 338.0319834665729
0.0013526700677983783 0.394107744959361 0.010275497836056413 -0.2969504203148074 -0.1713100420908708 0.2360051430159899 -0.07026811216474982 0.0007892201920242315 1.0 337.29211242134176
-1.2674159499545647 -1.3224551505434814 -0.2603834602316617 0.7257848329713892 0.2452768235101445 -0.34748493377170575 0.17174487028320073 -0.10227267101195793 0.0 198.48305311744423
-0.8373727555795931 0.9089607237771672 0.5355586202709937 0.11014573368242679 -0.10804630737715058 0.34893049333656395 0.03800843733715056 0.13868298800162449 0.0 340.26585563641316
-0.035396932681685644 0.4570111809587939 -0.1104728335179328 -0.3123176781638278 -0.19081827027188325 0.2641721223032584 -0.11244503516346242 0.020464022372695467 1.0 339.7508143384663
0.15496625199711828 0.2220392833321918 -0.05121769858061742 -0.3449911913490746 -0.17518365964782362 0.27901977132381206 -0.09324950655449954 0.03648565720787019 1.0 341.43008525661116
-1.135431901891629 -1.4634527221968643 -0.18382818546145074 0.7159853961154766 0.2534541016698702 -0.3214279829904132 0.16354033083724231 -0.08173752475775302 0.0 204.9336000079546
0.1441443543847558 0.08962664312197632 0.07930332996327127 -0.26972287440101356 -0.14775255256881592 0.2483001630568947 -0.06890839767673299 0.004744006919386265 1.0 339.808957922593
-1.147769072115769 -1.454137446215844 -0.18517432920891075 0.7117555979834026 0.24839753223364824 -0.3264084465725665 0.15953159286425403 -0.08632752943603066 0.0 204.02036966551563
-0.8531154997108252 0.9492777696917241 0.5130283301317982 0.09676945186551364 -0.11685915798533784 0.34127700041796744 0.029625029671712183 0.13132847167918554 0.0 339.0508281694483
-1.229740402461519 -1.3828873651244233 -0.22096177701173692 0.7048342383621073 0.23454559819532875 -0.3369602831186003 0.1569375783141686 -0.09300742455110907 0.0 200.3164284022807
-1.2701106326923726 -1.308352256254528 -0.248109913625433 0.716044350436851 0.23212944845452085 -0.34755080262063187 0.1528115988394214 -0.10414850048369345 0.0 198.58898920624645
0.5561009743580345 -0.8894202140038894 0.34867246020821296 -0.23144660497336134 -0.16621997584192513 0.23674306265300005 -0.16228970573175672 -0.019226769417082325 0.0 333.18845031255285
-0.5168672365785605 1.325645748547298 0.9608607855350528 -0.2594000707596081 -0.18488231956273665 0.2808103062596047 0.0660734059071541 0.331379326489444 0.0 329.97304136291336
-1.3250173219156007 -1.2739051462522677 -0.29040475912120534 0.7340468686242851 0.25097581413510056 -0.35169035254352027 0.18707864269908753 -0.10379288697438255 0.0 196.1077897016877
0.06532296357745349 0.4235635015439524 -0.030171108897792953 -0.34936963859741355 -0.17552076691335003 0.24638642433693292 -0.06216482725506211 0.0168511701877901 1.0 336.9621596633126
0.5963021582600216 -0.6854300666211823 0.26570821917107124 -0.31722614601550986 -0.16363871646156866 0.3000181359560662 -0.11866870784704986 0.047998890106994166 1.0 340.4638958875532
-1.127824164292591 -1.4517748430978994 -0.13255638123047753 0.7270125706958123 0.26019687859114754 -0.329443730012313 0.15360891423003978 -0.09668847699644602 0.0 204.68467485139172
-1.1461703462710324 -1.4360375922431725 -0.1398920105483491 0.7256646098578853 0.25706086407233497 -0.33182429009912456 0.15279278066889673 -0.09802059308708266 0.0 203.860514072171
-0.5914531269881893 1.0548061183775177 -0.8850375757059934 0.09680090775301607 0.06085011127326226 0.3375130492492366 -0.04393019084859816 0.10393845679454217 1.0 341.00373874950844
-1.1558904175862743 -1.4270000051442215 -0.14935967879393353 0.725622256297948 0.25591910605614854 -0.3332686661840543 0.15402949616921377 -0.0984186941801957 0.0 203.41583642545277
-0.10048253126588846 0.6544678432393023 -0.00910508274961841 -0.37527286788576475 -0.23689855399713453 0.218245766466722 -0.1042097411329982 -0.0006827170474866762 1.0 332.99977068789264
-1.4037054936077933 0.9568525564034904 0.4807373270205597 0.3816202734065351 -0.07929550546657538 0.16005824181547326 -0.07062276137125081 -0.0957948126180861 1.0 301.91991707249235
-1.330300031232417 -1.3011736307388366 -0.3178037955538624 0.7071372366694271 0.23279941908542184 -0.3455103339862191 0.18386964705854156 -0.09422985451651869 0.0 196.02766066459654
-1.159146112264561 -1.3500704615751769 -0.23374780593162447 0.757996539247107 0.26805097459698257 -0.3023388277921501 0.16868341270579776 -0.06641068280532039 0.0 207.7547658335888
-1.305737773250092 -1.3131310166436088 -0.29918176490883175 0.7052600327279427 0.22935626792835023 -0.3460190145925617 0.17260491424537577 -0.0963887163347681 0.0 196.95195489833947
-1.3686823478627215 -1.2805976629518934 -0.3498713090912857 0.71363040479875 0.24162979974959256 -0.34245591659818786 0.2052880023279849 -0.08904858498899415 0.0 194.8381140876592
0.058778085298864635 -0.8129849161771989 -0.21260004314081957 0.3864440892606231 0.18300495578148884 0.3451242289113668 -0.02770261561432562 0.19973399089793362 0.0 341.8427813620699
0.5986564756142169 -1.3509149561312537 -0.16120092253202079 0.3704502397408038 0.331529403355344 0.3112027764147314 0.12887411580537644 0.15478399115808428 0.0 332.89811145605245
-1.316538829067957 -1.2863572152462681 -0.28948677287041225 0.7369322450380866 0.2556501621215125 -0.34874345921974653 0.1925107607896007 -0.10065190766554138 0.0 196.602990004539
-1.2064561118768973 -1.4274321829968664 -0.23484622315022863 0.7195874292633715 0.25791468473391777 -0.32437330130290776 0.18892654127800712 -0.07784411841448843 0.0 201.94294592743245
-1.3609955870144692 -1.215804756152171 -0.315712414289524 0.7110057176622456 0.21917904944333658 -0.36056530408643794 0.15607188572794428 -0.11246555027575056 0.0 194.4593403475928
-0.9729813887799972 -1.5639790476758262 -0.06823556080638093 0.7197659558275444 0.26638219445411865 -0.2929485554526173 0.1355554299056766 -0.07290228842926695 0.0 213.45925628780196
-0.06129067042869196 0.48924048182775537 -0.16944116180515678 -0.3146006706295941 -0.19963059712890668 0.26252783380238726 -0.1341870017984334 0.015034121188619451 0.0 339.4608607053915
-1.2136729979224592 -1.399133229223315 -0.20411249346715676 0.7049857021989433 0.23653323187958022 -0.334988998494683 0.1548692892260891 -0.09236376810136164 0.0 201.00131960543314
-1.201932717018972 -1.4098800872897457 -0.19330644868491254 0.7051738599869759 0.2377975151221534 -0.3335009780387074 0.15327647521444646 -0.09185620618124546 0.0 201.52311741536545
-1.2261644429410885 -1.3866685736600797 -0.21702280320716305 0.7048587600023422 0.23501840098823665 -0.3365259137370185 0.15650007134239444 -0.09286452191888117 0.0 200.4659546669348
-1.0353725036104404 -1.5608256050061922 -0.04126458361283225 0.7053223825225785 0.25720981311002816 -0.3075142288142308 0.13355008091275863 -0.0833618864530041 0.0 209.2452724708205
-1.1568804039154386 -1.4056192928135882 -0.1674415072852049 0.7175056982955342 0.24208988878863408 -0.3352112375698769 0.13965830645488184 -0.10059714401680679 0.0 203.54912012726166
-1.3402228958464715 -1.263375076669246 -0.3076519898921273 0.7245719637397596 0.24163805605982902 -0.3541753680574729 0.18319039386924715 -0.10493678208495424 0.0 195.30089420284855
0.05387733230856462 0.14343722318524543 -0.018063963891576718 -0.2651845248914577 -0.1839709334312974 0.23744813944405224 -0.13832812379200846 -0.014450125499072328 0.0 339.26704431269116
-1.367608181523627 -1.2741108990457215 -0.3476587888024536 0.7108344966821298 0.2367430879624652 -0.3444910718796413 0.19792640162536088 -0.09145102205564229 0.0 194.7857602310738
-1.271591764925736 -1.3198997509342174 -0.2630968988275175 0.7261959044167583 0.24573387575891728 -0.34767074257851877 0.1732653238888878 -0.10214210689016198 0.0 198.30730431117223
-0.04659924089715323 0.463698906347941 -0.06637405340592561 -0.33442905491661234 -0.21790742222958015 0.22045864910317675 -0.12995111057508268 -0.019957010106580242 0.0 335.4242869065976
-1.134056201755839 -1.4471596962274074 -0.12875351514290023 0.7257147390231233 0.25848150138687115 -0.33007392571142247 0.1513849948161922 -0.09755222729709914 0.0 204.41042764678065
-0.11360740990097828 0.38422300954794897 -0.07374757111123187 -0.2558339723102142 -0.20579648568802753 0.2179476734493909 -0.1557231868014105 -0.03310743343301567 0.0 336.6024723360421
-1.3903305449083003 -1.2462139210158085 -0.36164053036352106 0.7040564162372146 0.22708322808078663 -0.3511840353351727 0.19049657417535656 -0.09781193997120141 0.0 193.47253837721104
-1.3503450131654424 -1.2333934436250622 -0.31024490153941375 0.7142167449691678 0.22503786204427798 -0.3570568384114796 0.16229562215198343 -0.10886454746266139 0.0 195.02832124369726
0.07196366357230566 0.1556064194671386 -0.08843243804386058 -0.3114001008693313 -0.21470854158004216 0.26491725416215045 -0.1792041198940592 0.011391243674332828 0.0 341.7696758051973
-1.164387425832849 -1.4419867760178189 -0.17827179190939946 0.7083476373646604 0.244060662859639 -0.32903949989579045 0.1546104255604419 -0.08917566977494402 0.0 203.18862272474615
-1.2325374508753324 -1.3569778130602088 -0.23648292553480066 0.7288257790340452 0.25179370270351314 -0.34210090619969546 0.17233600403883942 -0.098744221319171 0.0 200.10317912566907
0.4518563123893271 -0.9306973142016106 -1.0950303367015461 0.335384828667307 0.32754760145310796 0.21540576730408417 0.07154880796670028 0.21619296907526972 0.0 330.82352604134906
-0.5560862411310603 1.2073906953044926 0.7426752760803997 -0.2022445941031205 -0.17677819229151367 0.3732216859304799 0.07523042075105536 0.3281921300201037 0.0 341.97235949416495
-0.15874964245904963 0.8859256522618055 0.2229190027871879 -0.25805251636790527 -0.09338186796594243 0.26216192289421314 0.11486665183086928 0.11327083533165308 1.0 333.7868053417401
0.6342569858982474 -0.7765117914487265 0.3488374888376927 -0.2926997171046548 -0.14618852484158368 0.2873641349223124 -0.09367871343282673 0.03680731170861122 1.0 338.2872733850943
-1.2626211221395471 -1.330973551669393 -0.25692280395801315 0.7281637084991087 0.24915658742845523 -0.3456766741603272 0.17568910722385142 -0.10044508707271092 0.0 198.74924319902357
-1.220514687701144 -1.3531602562906944 -0.21807859866881685 0.7204674440920144 0.24039242661084984 -0.33959518286393603 0.15264927824030053 -0.09910164476540671 0.0 200.99501746670353
-1.3622403174547966 -1.2548651339145496 -0.32174244102917005 0.6967393000998774 0.2160317637924939 -0.3485708914827501 0.164483954316116 -0.09781438550272156 0.0 194.94057503391173
0.04321542868320205 0.2030223529981623 -0.11022091451724592 -0.3085864879514122 -0.21532483391723134 0.26395660908174534 -0.18061178219335403 0.010321031937803583 0.0 341.5849997063842
-1.2771236896737659 -1.3324071909908692 -0.26155428561851646 0.694521525898152 0.21855954774548053 -0.3410544343204805 0.15015109774901503 -0.09436376582609654 0.0 198.4950227500794
0.5362887007504675 -0.7448449284238561 0.22995574274948383 -0.2896322413024478 -0.1908642162686769 0.3077515805872747 -0.18538635843758214 0.0518101907600186 0.0 341.7082655827002
0.6339949165084291 -0.5348966084345481 0.21126710889736566 -0.4132298338559275 -0.1885559559956752 0.2645861091950053 -0.11037186141182559 0.020817265190631814 1.0 336.18335271108697
0.3982733106894196 -0.9938746806456372 -1.0178212217481315 0.3538577234662472 0.2975744508580613 0.27033308347442075 0.04180698763603573 0.28124210314141296 0.0 335.09346639591195
-1.1494989299072755 -1.4311274145173396 -0.181957572129676 0.733248669973623 0.2637654333424908 -0.33057877515660095 0.16904549939462613 -0.09274661571209436 0.0 203.91373124020626
0.5050425191658552 -1.0003328520952555 0.35190239009138313 -0.14073600088072083 -0.13795480153916742 0.3310550363051965 -0.17453646034239825 0.07768221970418665 0.0 341.3425057773503
-1.281660131459753 -1.2963189647438538 -0.25437197344898754 0.7142322529108768 0.2290934256818531 -0.3497338882665622 0.151183335893177 -0.10587733235254661 0.0 198.0199257519074
-1.381555332026272 -1.229000690827558 -0.33695802799024577 0.691811064738016 0.2080242616016261 -0.35352779946296153 0.15865145620414922 -0.10233399372661807 0.0 193.93672632358607
-1.2496938267396802 -1.2532788899806575 -0.28483098825789677 0.7460593051488843 0.24394211755375494 -0.29530250868383945 0.15524974566309396 -0.05515741687154843 0.0 205.8322964484053
-0.535937633017763 1.4169733256283044 0.61401284051784 -0.3317418229627683 -0.24699777179301777 0.24019452239541011 0.008268153891118856 0.22082162540642344 0.0 323.8440927497419
-1.1993797304501659 -1.3692144290999348 -0.19900083951014447 0.7178542545899842 0.23881458916461754 -0.33913558078409495 0.14528763605362144 -0.10083176001132899 0.0 201.7727851368902
-1.377612649207384 -1.198559140493739 -0.3281823011530016 0.7098701197611967 0.21679012357625965 -0.3627795886664407 0.15662514740888753 -0.11394997307395442 0.0 193.71972858891462
-0.37087315628688744 1.1201736164505018 0.539811524638931 -0.32249085472753336 -0.21891420418821325 0.2730148107787352 0.02699648052485287 0.20185346525269834 0.0 332.58722675946285
-1.369060629864924 -1.2412760145492603 -0.34292526811184887 0.7368301340087515 0.25377063899506735 -0.3539981714622391 0.20584246848316895 -0.10252472868048641 0.0 194.29164115966606
0.7243356621042061 -0.9737451549324689 0.35230259525430085 -0.2840674491163094 -0.14893041025676296 0.24894393886339514 -0.12263622905446794 -0.005702125288450475 1.0 331.92933450316525
-0.22597248841425355 0.6139156551981646 -0.1850283510070012 -0.27897032332592375 -0.22884524958530023 0.23030507646812792 -0.1772547985607531 -0.02044265994480327 0.0 335.9891457666393
-1.3790147643911208 -1.2278915542482505 -0.33566416844317293 0.7275539889639918 0.24290183685137606 -0.3558852735396033 0.19228784722211428 -0.10493861385485274 0.0 193.8423100805037
-1.0252188191857046 -1.5360569286374979 -0.1129362738200983 0.7207001711033502 0.2646872283568936 -0.30230599953176096 0.14934658307663967 -0.07376161106540707 0.0 210.6546454034371
-1.2961178117573748 -1.347018886056325 -0.2992900497354791 0.7180428498461597 0.2498535739043001 -0.3339817750501922 0.19920351384226906 -0.0830423931890789 0.0 198.07158506728624
0.507061544922627 -0.5695515810373918 0.3222000593869594 -0.3737089128911589 -0.23618150695018442 0.25204883286293295 -0.170440626486681 0.004633921046752221 0.0 337.2521431718086
-1.193539999278364 -1.3747383491343923 -0.19643652390095323 0.7186258680699836 0.24019394664225274 -0.3378672934850877 0.14598103718098684 -0.09983383019900202 0.0 202.08182787598085
-1.0716656200550567 -1.5263972900018583 -0.08730652940981698 0.7075141863633445 0.25408742496098286 -0.31425946392651327 0.14130387119477178 -0.08444242375544775 0.0 207.5142063522876
0.055074175753379195 -1.0028908199297226 -0.13198174905783233 0.4314362500106068 0.1853796576126018 0.359711894221972 -0.04037721384096983 0.2390063146300548 0.0 338.5842882188243
-0.01875611069867611 0.30230242304159183 -0.07747317559823719 -0.26740741336976726 -0.18258010736331529 0.23077558146317984 -0.1301979731287733 -0.019807965415220678 0.0 337.97409645546577
-0.4588611748662207 1.0271996951892393 -1.081346391556811 0.05463309795364438 0.08560726552499404 0.2884083121282293 -0.0400375715945745 0.06536262878438606 1.0 336.5698335962576
-1.5707963267948966 -0.3922650004413466 -0.49983560675903216 0.8161121711623796 0.19079736378217546 -0.2532818460853133 0.030086112335133634 -0.05401344514966411 1.0 213.4476395345307
0.03762508187459468 0.36530225416712225 -0.09202830034654585 -0.35233351636067994 -0.21267154905174096 0.2373312652281362 -0.13435738598601318 -0.006395823574974884 0.0 337.3074311922173
0.38905028991716467 -1.3787303595480065 0.3852457327211179 0.2812573576112791 0.13288168050970428 0.378735177248314 -0.012602283568105293 0.16809230851231405 0.0 336.98589644472287
0.584549552751362 -1.1931639568652428 -0.49974241834375444 0.3588933975264121 0.35242348387528893 0.3254516767444835 0.12331197480158693 0.2112417018600803 0.0 337.51322471329036
-1.3332058686672266 -1.2713358746374646 -0.3034000403054331 0.7364220346128547 0.25428056678345795 -0.3508145095131491 0.1950087001178167 -0.10177064234293454 0.0 195.84310880112463
-0.08186394408465053 0.4342220785261188 -0.05595329548986361 -0.2924318777881246 -0.2068465459939486 0.22061553033611517 -0.13207311366002897 -0.024221018753536896 0.0 336.15596072637805
-1.110176307483126 -1.5088337064397077 -0.15087390584451632 0.7183046385489308 0.26496317484407056 -0.3149190154993295 0.17198192480786845 -0.07640174338925704 0.0 205.99214263684925
-0.04949819971293523 0.5750359981476019 -0.006059380151899996 -0.3483555363960238 -0.2013904349314882 0.22735053810209252 -0.07430501053311986 0.005122509134971551 1.0 334.50951264519813
0.03098281752309462 0.3799565187689746 -0.087793273014664 -0.3470968842217883 -0.20720112246286249 0.2338684078492571 -0.12590797472054333 -0.008881311168645425 0.0 336.86548852887984
-1.0722451117428509 -1.5036529917877655 -0.06928769067909957 0.7256840871883747 0.26604356785604094 -0.3196104426474426 0.14411865775319796 -0.09450975795381794 0.0 207.3419117229675
-1.0675352164857754 -1.5323627646456028 -0.06951547753328247 0.7057036202026246 0.25343257156286597 -0.3131381282088924 0.1369965737761035 -0.0851498382189763 0.0 207.71327133305869
-1.5707963267948966 -0.7841245944724108 -0.4827511919792169 0.7659855305394473 0.2108833346084927 -0.27520112643919303 0.13427191301263008 -0.030933461706044055 0.0 200.72820420960892
0.02922563878773543 0.36770560527904106 -0.19443932770812145 -0.2967281606424564 -0.16158942956459868 0.27649859532062804 -0.1101050242220677 0.025729063758975032 1.0 341.3091613048921
-1.348234440315573 -1.2614204912122826 -0.31208124638415646 0.7264590149976061 0.24463369723732598 -0.3531636267671084 0.18880277011707364 -0.1033258603465407 0.0 195.04799125675095
-0.08320068062937769 0.5017547012793794 -0.1338721544866882 -0.3222348742506472 -0.2171510004253551 0.23852948084080539 -0.1452528524793368 -0.007166791566932602 0.0 337.1350474407202
-1.396545264944101 -1.2445602038085948 -0.3689235252395603 0.7067841566399587 0.23075350883375165 -0.3492890416800776 0.19717028944569562 -0.09550139554918587 0.0 193.39180186643628
-0.03340568236767183 0.34707422965556645 -0.0875544643152324 -0.3183284711301292 -0.22890446536338685 0.23467552201007094 -0.17151125491687338 -0.014807987159908293 0.0 338.0636819966277
0.07437703488399339 0.24981161086062206 0.03804914944802351 -0.2871103177776939 -0.15943462699945257 0.2439616474313567 -0.06871649575487168 0.004574466035576847 1.0 338.8133711881303
-0.31223106278982127 0.8587413408579443 -0.541780108573834 -0.2504351477605843 -0.18136407187833128 0.296050541341221 -0.1801531529853793 0.04005340145766752 0.0 339.49985845570785
-0.2885568984355509 1.3843887293795145 0.4934810260737117 -0.4278323984625865 -0.23129193945162996 0.14396267699967438 0.024664179294200606 0.14870263793784375 1.0 311.6150467551076
